2,0.723626,0.723626,1.2e-05
2,0.00457429,0.00457429,3e-06
2,0.553094,0.553094,3e-06
2,0.733008,0.733008,2e-06
2,0.915552,0.915552,3e-06
2,0.768982,0.768982,3e-06
2,0.396309,0.396309,3e-06
2,0.0803326,0.0803326,2e-06
2,0.889428,0.889428,3e-06
2,0.907372,0.907372,3e-06
2,0.84429,0.84429,2e-06
2,0.195588,0.195588,3e-06
2,0.827826,0.827826,3e-06
2,0.736831,0.736831,3e-06
2,0.440294,0.440294,3e-06
2,0.477047,0.477047,3e-06
2,0.229053,0.229053,3e-06
2,0.176959,0.176959,3e-06
2,0.555818,0.555818,2e-06
2,0.756478,0.756478,2e-06
3,0.77424,0.550233,5e-06
3,0.226196,0.168971,4e-06
3,0.386171,0.28988,4e-06
3,1.22855,0.741614,4e-06
3,1.09771,0.732254,3e-06
3,0.793705,0.549074,3e-06
3,1.10405,0.84773,3e-06
3,0.0883463,0.0719322,4e-06
3,0.74803,0.486338,3e-06
3,0.597688,0.371184,3e-06
3,0.768409,0.756442,3e-06
3,1.02016,0.627798,4e-06
3,0.916133,0.672503,4e-06
3,0.480702,0.415835,4e-06
3,0.753918,0.667121,3e-06
3,0.573338,0.568823,4e-06
3,0.494968,0.276263,4e-06
3,0.926742,0.723677,3e-06
3,0.7341,0.466395,3e-06
3,1.58161,0.911572,3e-06
4,0.975616,0.562527,6e-06
4,0.675295,0.260605,5e-06
4,1.43045,0.663604,6e-06
4,0.855447,0.520987,6e-06
4,0.958532,0.345693,4e-06
4,0.618307,0.288788,5e-06
4,0.930592,0.594411,4e-06
4,0.83882,0.399622,5e-06
4,1.29566,0.655401,5e-06
4,0.525859,0.412452,5e-06
4,0.943901,0.482474,5e-06
4,1.28294,0.638854,5e-06
4,1.38969,0.599164,4e-06
4,0.792594,0.561651,5e-06
4,0.386144,0.21848,4e-06
4,0.620165,0.471953,5e-06
4,0.302117,0.260702,5e-06
4,0.457454,0.284827,5e-06
4,0.682424,0.409743,4e-06
4,0.471899,0.257727,4e-06
5,0.747664,0.471387,6e-06
5,0.225141,0.0865284,6e-06
5,1.29289,0.556489,6e-06
5,1.978,0.770517,6e-06
5,1.26494,0.558128,6e-06
5,0.341593,0.163929,6e-06
5,1.58382,0.48696,6e-06
5,0.993725,0.415287,6e-06
5,1.16923,0.510633,6e-06
5,0.487551,0.331765,6e-06
5,0.91228,0.587904,6e-06
5,0.634488,0.208511,5e-06
5,0.765315,0.29515,6e-06
5,0.614169,0.253553,6e-06
5,1.25625,0.64162,5e-06
5,1.54688,0.583878,6e-06
5,0.451999,0.26475,6e-06
5,0.56989,0.273369,6e-06
5,0.755891,0.256159,5e-06
5,0.897305,0.339306,6e-06
6,0.871654,0.389842,9e-06
6,0.978932,0.333624,8e-06
6,0.705142,0.25389,7e-06
6,1.83793,0.684022,8e-06
6,0.754599,0.336768,8e-06
6,0.881274,0.317134,7e-06
6,1.29784,0.607141,7e-06
6,0.808325,0.196666,7e-06
6,1.47979,0.414851,7e-06
6,1.29983,0.347227,7e-06
6,0.780522,0.268427,8e-06
6,1.08694,0.35127,8e-06
6,1.11534,0.49755,7e-06
6,0.904436,0.349794,7e-06
6,0.653651,0.211636,6e-06
6,1.8533,0.532442,7e-06
6,0.525721,0.223811,7e-06
6,1.19197,0.372456,6e-06
6,1.27353,0.353806,6e-06
6,0.808472,0.349812,6e-06
7,0.793054,0.186812,9e-06
7,1.50255,0.631584,9e-06
7,1.09919,0.481457,8e-06
7,1.24291,0.39739,8e-06
7,1.46703,0.348234,8e-06
7,1.47055,0.29552,9e-06
7,0.487742,0.158775,9e-06
7,0.747826,0.201395,9e-06
7,0.743889,0.32883,8e-06
7,0.848283,0.288493,9e-06
7,0.515883,0.18092,9e-06
7,1.12949,0.314823,9e-06
7,1.18516,0.379773,8e-06
7,1.57357,0.396175,9e-06
7,0.473129,0.175602,8e-06
7,0.648984,0.294975,8e-06
7,1.14715,0.421599,8e-06
7,0.950764,0.528366,8e-06
7,0.883919,0.233891,8e-06
7,0.801672,0.207567,9e-06
8,1.64001,0.31539,1.1e-05
8,0.900963,0.227843,1e-05
8,1.30133,0.375557,1e-05
8,0.524433,0.161647,1.2e-05
8,0.590795,0.173187,1e-05
8,0.844404,0.217759,1e-05
8,0.976021,0.389337,1e-05
8,0.939996,0.387933,1.1e-05
8,0.800626,0.152474,1e-05
8,1.35755,0.4388,1.1e-05
8,0.645861,0.202768,1.1e-05
8,0.933916,0.220092,1e-05
8,1.18391,0.259424,1e-05
8,1.14208,0.393589,1.1e-05
8,0.593781,0.181189,1.1e-05
8,1.02923,0.372301,1.1e-05
8,1.12764,0.339833,1e-05
8,1.20906,0.519491,1e-05
8,1.40121,0.433624,1e-05
8,1.13381,0.238358,1.1e-05
9,1.0116,0.319217,1.2e-05
9,0.71353,0.210461,1.3e-05
9,0.714417,0.336973,1.2e-05
9,1.41314,0.400806,1.2e-05
9,1.32976,0.294015,1.3e-05
9,1.30507,0.275386,1.3e-05
9,0.86831,0.296427,1.3e-05
9,1.73861,0.45698,1.3e-05
9,0.821396,0.191516,1.3e-05
9,1.59347,0.336775,1.2e-05
9,1.04091,0.218423,1.3e-05
9,1.30312,0.351009,1.3e-05
9,1.49358,0.296264,1.2e-05
9,1.49999,0.282136,1.2e-05
9,1.6075,0.412545,1.3e-05
9,1.54141,0.493374,1.3e-05
9,0.875586,0.22769,1.3e-05
9,0.748319,0.21259,1.3e-05
9,0.705623,0.157527,1.3e-05
9,0.789195,0.203573,1.3e-05
10,0.819395,0.173761,1.6e-05
10,0.844612,0.220428,1.5e-05
10,1.0483,0.213693,1.6e-05
10,0.685317,0.144242,1.5e-05
10,1.16124,0.277629,1.5e-05
10,1.08808,0.358882,1.6e-05
10,0.862712,0.252954,1.6e-05
10,1.13352,0.210017,1.6e-05
10,0.828301,0.269898,1.6e-05
10,1.00366,0.206466,1.6e-05
10,1.5971,0.382985,1.5e-05
10,0.765572,0.163818,1.5e-05
10,1.06504,0.396802,1.5e-05
10,1.04374,0.197249,1.6e-05
10,0.700774,0.280694,1.6e-05
10,0.685838,0.297608,1.6e-05
10,1.4124,0.355037,1.6e-05
10,0.665817,0.141939,1.5e-05
10,1.34351,0.288444,1.6e-05
10,1.00795,0.392086,1.6e-05
11,2.03904,0.36623,2e-05
11,0.795018,0.192244,1.8e-05
11,1.15039,0.30926,2e-05
11,0.680845,0.150082,1.9e-05
11,1.46366,0.415224,1.9e-05
11,0.856001,0.185588,1.9e-05
11,1.19621,0.310303,1.9e-05
11,1.2694,0.350843,1.9e-05
11,1.01032,0.204522,1.8e-05
11,1.82125,0.536136,2e-05
11,1.17275,0.270239,1.9e-05
11,1.44645,0.291818,1.9e-05
11,0.72074,0.163703,1.9e-05
11,1.13846,0.193265,1.9e-05
11,1.22096,0.216214,1.9e-05
11,0.944989,0.219533,1.9e-05
11,1.00949,0.30577,1.9e-05
11,0.919225,0.185541,1.9e-05
11,1.47135,0.258843,1.8e-05
11,0.457859,0.0781861,1.9e-05
12,0.814361,0.190022,3.3e-05
12,1.26897,0.303888,2.3e-05
12,1.02151,0.251599,2.3e-05
12,0.793341,0.250571,2.3e-05
12,1.21053,0.272232,2.2e-05
12,1.30338,0.240744,2.2e-05
12,1.06799,0.145706,2.1e-05
12,0.979651,0.158198,2.1e-05
12,1.56387,0.318436,2.2e-05
12,1.21382,0.278706,2.2e-05
12,1.19481,0.178566,2.3e-05
12,1.52599,0.359901,2.2e-05
12,1.66743,0.284459,2.1e-05
12,0.849096,0.185322,2.4e-05
12,1.73426,0.285197,2.4e-05
12,1.29641,0.328135,2.4e-05
12,1.52005,0.263606,2.2e-05
12,1.33079,0.192391,2.2e-05
12,1.0445,0.340986,2.3e-05
12,1.06522,0.198381,2.3e-05
13,0.765063,0.189581,2.7e-05
13,1.31819,0.166047,2.7e-05
13,1.60864,0.313925,2.8e-05
13,1.01288,0.275514,2.8e-05
13,1.63966,0.431306,2.7e-05
13,0.597171,0.136294,2.8e-05
13,1.18906,0.141909,2.7e-05
13,0.687027,0.196681,2.6e-05
13,0.821421,0.206734,2.7e-05
13,1.39166,0.350925,2.7e-05
13,1.06404,0.256806,2.6e-05
13,1.46247,0.296167,2.7e-05
13,1.28795,0.289785,2.7e-05
13,1.36647,0.254226,2.6e-05
13,0.81122,0.23137,2.7e-05
13,1.21962,0.141871,2.6e-05
13,1.56327,0.279864,2.6e-05
13,1.09504,0.368498,2.6e-05
13,0.984462,0.16974,2.5e-05
13,1.32321,0.248445,2.7e-05
14,0.96655,0.17737,3.2e-05
14,1.1325,0.224125,3.2e-05
14,0.756427,0.120932,3.1e-05
14,1.44607,0.216887,3.1e-05
14,1.13065,0.261339,3.1e-05
14,1.50852,0.1811,3e-05
14,1.03508,0.221757,3e-05
14,1.33871,0.213055,3.2e-05
14,0.745402,0.225304,2.9e-05
14,1.38272,0.217505,3.1e-05
14,1.32626,0.232658,3.1e-05
14,1.21585,0.201099,3e-05
14,1.16246,0.21843,3.1e-05
14,1.04338,0.229742,3e-05
14,0.892822,0.212349,3.1e-05
14,1.55578,0.278701,3e-05
14,0.913382,0.169762,3.2e-05
14,1.25946,0.234769,3e-05
14,0.965574,0.155336,3.1e-05
14,1.3657,0.316872,3.1e-05
15,1.21955,0.189263,3.6e-05
15,1.06661,0.173032,3.5e-05
15,1.0097,0.200645,3.6e-05
15,1.55364,0.223933,3.5e-05
15,1.08942,0.206683,3.6e-05
15,1.36901,0.224513,3.5e-05
15,1.1979,0.20456,3.6e-05
15,0.713035,0.179824,3.5e-05
15,1.1668,0.266659,3.4e-05
15,0.805207,0.112216,3.5e-05
15,0.972745,0.16105,3.6e-05
15,0.748978,0.138634,3.4e-05
15,1.08626,0.26152,3.4e-05
15,1.02096,0.137785,3.7e-05
15,0.799159,0.13847,3.5e-05
15,0.94975,0.149936,3.5e-05
15,0.743439,0.106805,3.5e-05
15,0.723077,0.127586,3.5e-05
15,0.823478,0.186575,3.6e-05
15,1.33137,0.247472,3.5e-05
16,1.34419,0.232905,4e-05
16,1.85975,0.217186,4e-05
16,1.18938,0.277092,4.2e-05
16,0.912094,0.158377,4e-05
16,0.994049,0.127817,4e-05
16,0.886438,0.129238,4e-05
16,1.03757,0.170068,4.2e-05
16,1.28167,0.326307,4.1e-05
16,1.02669,0.103239,4.1e-05
16,1.1507,0.165782,4e-05
16,1.71776,0.245922,4.1e-05
16,1.16276,0.31045,4.1e-05
16,1.19216,0.197138,3.9e-05
16,0.837101,0.113105,4e-05
16,1.18675,0.176427,4.5e-05
16,0.870801,0.122183,4e-05
16,0.954272,0.178586,4e-05
16,1.07758,0.205122,4.1e-05
16,1.48699,0.362109,4.1e-05
16,0.818206,0.134951,4.1e-05
17,0.717953,0.0999611,4.7e-05
17,1.42529,0.249537,4.6e-05
17,0.824934,0.234113,4.6e-05
17,1.49853,0.274892,4.7e-05
17,1.41279,0.240281,4.6e-05
17,1.3048,0.234021,4.7e-05
17,1.53845,0.228184,4.9e-05
17,0.924985,0.149357,4.8e-05
17,0.988707,0.189595,4.6e-05
17,0.990458,0.115485,4.8e-05
17,1.25538,0.211283,4.6e-05
17,0.854092,0.144734,4.8e-05
17,1.13657,0.1585,4.7e-05
17,1.05487,0.20196,4.6e-05
17,1.34237,0.22766,4.7e-05
17,0.875163,0.133963,4.7e-05
17,1.12945,0.248126,4.5e-05
17,1.30888,0.225632,4.7e-05
17,1.18788,0.300801,4.8e-05
17,1.62951,0.226729,4.6e-05
18,1.36236,0.196221,5.9e-05
18,1.24176,0.138394,5.3e-05
18,1.19648,0.192284,5.3e-05
18,1.59908,0.255119,5.2e-05
18,1.09953,0.12753,5.2e-05
18,0.926274,0.161785,5.4e-05
18,0.969248,0.148023,5.2e-05
18,0.822307,0.138529,5.4e-05
18,1.33136,0.189549,5.2e-05
18,1.18662,0.16495,5.3e-05
18,0.729312,0.126078,5.2e-05
18,1.3675,0.251522,5.3e-05
18,1.79301,0.278559,5.3e-05
18,1.06699,0.27982,5.4e-05
18,1.18553,0.126868,5.2e-05
18,1.39253,0.276697,5.3e-05
18,1.46314,0.253109,5.4e-05
18,1.41901,0.215362,6.2e-05
18,0.85529,0.220547,5.5e-05
18,1.52598,0.222613,5.4e-05
19,0.79586,0.160541,6.3e-05
19,1.06729,0.191849,6.2e-05
19,1.32925,0.167174,6.2e-05
19,0.857466,0.111748,5.9e-05
19,1.07215,0.124311,6.1e-05
19,1.35762,0.199353,6.1e-05
19,1.03518,0.148615,6.1e-05
19,1.01998,0.161175,6.4e-05
19,1.76756,0.191652,6e-05
19,0.852778,0.102822,6e-05
19,0.613272,0.0843889,6.1e-05
19,0.813523,0.112307,6e-05
19,0.91207,0.11689,6.2e-05
19,1.3954,0.147233,6e-05
19,1.07953,0.20598,6.1e-05
19,1.14691,0.134187,6.1e-05
19,1.41606,0.199206,6.6e-05
19,1.19177,0.209319,5.9e-05
19,0.885995,0.105391,6.1e-05
19,1.07398,0.170927,6e-05
20,0.961819,0.135013,7.2e-05
20,0.662918,0.0710738,6.8e-05
20,1.33424,0.213185,6.8e-05
20,1.50081,0.21564,6.8e-05
20,1.22032,0.126525,6.8e-05
20,0.989809,0.138685,6.8e-05
20,0.667933,0.0849374,6.7e-05
20,1.52595,0.230123,6.9e-05
20,1.35657,0.167877,6.7e-05
20,0.790976,0.187578,6.7e-05
20,1.36593,0.245297,7.1e-05
20,1.06278,0.1857,6.8e-05
20,1.02297,0.16097,6.9e-05
20,1.08287,0.164504,6.8e-05
20,1.18286,0.12776,6.8e-05
20,1.52758,0.136329,6.6e-05
20,1.03021,0.189302,6.8e-05
20,0.887169,0.0972066,6.9e-05
20,1.06709,0.163786,7.2e-05
20,1.55536,0.202858,6.7e-05
21,1.04673,0.191099,7.7e-05
21,0.846282,0.0921298,7.7e-05
21,1.3607,0.186624,7.6e-05
21,1.51741,0.206293,7.4e-05
21,1.11607,0.231445,7.6e-05
21,1.03086,0.17273,7.4e-05
21,1.78626,0.26786,7.7e-05
21,0.923609,0.182931,7.5e-05
21,1.21997,0.175499,7.6e-05
21,1.04186,0.111803,7.6e-05
21,0.893673,0.11835,7.5e-05
21,1.36072,0.142084,7.6e-05
21,1.02558,0.135428,7.7e-05
21,1.16546,0.149458,7.6e-05
21,1.19353,0.146563,7.6e-05
21,0.812795,0.122853,7.4e-05
21,1.09231,0.132421,7.5e-05
21,1.23823,0.201121,7.5e-05
21,0.988218,0.144975,7.5e-05
21,1.07161,0.14309,7.4e-05
22,1.15455,0.155933,8.6e-05
22,1.06497,0.119031,8.3e-05
22,1.11437,0.126054,8.4e-05
22,0.984987,0.260081,8.4e-05
22,0.99698,0.150515,8.4e-05
22,1.34785,0.142863,8.1e-05
22,1.13497,0.149558,8.5e-05
22,0.787402,0.0909985,8.4e-05
22,0.87237,0.0952438,8.3e-05
22,1.00744,0.129309,8.4e-05
22,1.15301,0.154902,8.3e-05
22,1.36862,0.17445,8.3e-05
22,1.14446,0.14012,8.4e-05
22,1.27994,0.193372,0.000108
22,1.27647,0.191607,8.5e-05
22,1.33244,0.147329,8.3e-05
22,1.31034,0.132661,8.4e-05
22,1.44486,0.192133,8.4e-05
22,0.793777,0.0872335,8.2e-05
22,1.27592,0.145524,8.3e-05
23,0.707376,0.0820208,9.3e-05
23,1.09349,0.170037,9.2e-05
23,1.20621,0.188903,9.1e-05
23,1.25817,0.18682,0.000124
23,1.25737,0.115498,0.000121
23,1.15501,0.0896886,0.000121
23,0.819481,0.0822087,0.000122
23,0.761596,0.182726,0.000121
23,1.50928,0.179501,0.00012
23,0.891864,0.0900152,9.1e-05
23,0.730311,0.108868,9.2e-05
23,1.00652,0.152109,8.9e-05
23,0.662161,0.0915726,9.4e-05
23,1.38798,0.133989,9.1e-05
23,1.33676,0.163772,9.2e-05
23,0.854122,0.119317,9.2e-05
23,1.40878,0.137971,9.6e-05
23,1.13527,0.188375,9.8e-05
23,1.35888,0.19582,9.4e-05
23,0.704273,0.144816,9.2e-05
24,1.51746,0.165547,0.000101
24,1.40555,0.214497,0.000116
24,1.3796,0.166344,0.000102
24,1.36917,0.11364,0.000105
24,0.802829,0.10987,9.9e-05
24,1.828,0.205286,9.9e-05
24,1.24108,0.191728,0.000101
24,0.944042,0.0982012,9.7e-05
24,1.12408,0.135203,9.9e-05
24,1.39335,0.149049,9.9e-05
24,1.04536,0.196725,0.000103
24,1.34343,0.111559,0.000103
24,0.950049,0.160968,0.000101
24,0.920117,0.109275,9.9e-05
24,0.962607,0.124147,0.000103
24,1.49572,0.185836,0.0001
24,1.53307,0.222354,0.0001
24,1.28427,0.1675,0.000104
24,1.04622,0.166973,9.9e-05
24,1.40538,0.184983,0.0001
25,0.995386,0.179148,0.000112
25,1.44407,0.163583,0.000114
25,1.75164,0.239591,0.00011
25,1.60676,0.244136,0.000112
25,1.21361,0.160976,0.000107
25,1.29951,0.143807,0.000107
25,0.86593,0.111318,0.00011
25,1.03832,0.122324,0.000106
25,1.2824,0.110192,0.000115
25,0.780086,0.0980651,0.000107
25,1.36114,0.161559,0.000114
25,1.51809,0.147182,0.000111
25,1.2062,0.152572,0.000109
25,1.39604,0.156509,0.000111
25,1.26017,0.193488,0.00011
25,1.15901,0.111898,0.000109
25,0.720201,0.159861,0.000116
25,1.26892,0.159808,0.000106
25,1.22799,0.116397,0.000112
25,0.877268,0.106111,0.000108
26,1.38251,0.147731,0.000123
26,1.30307,0.167053,0.000119
26,1.09144,0.118029,0.000117
26,1.19349,0.12313,0.000122
26,1.13741,0.138657,0.000119
26,1.2972,0.16311,0.000119
26,1.23737,0.224939,0.000117
26,1.10198,0.0920184,0.000122
26,1.02559,0.0958102,0.000123
26,1.21647,0.160091,0.000118
26,1.17062,0.103848,0.000117
26,0.959513,0.122479,0.000116
26,0.961716,0.117052,0.000117
26,1.05075,0.139,0.000118
26,0.669202,0.0730301,0.000118
26,1.09734,0.172395,0.000118
26,1.25606,0.107908,0.000119
26,1.17497,0.119288,0.000117
26,1.0332,0.105349,0.000118
26,1.26729,0.131568,0.000119
27,1.35211,0.130796,0.00013
27,0.854271,0.0866844,0.000128
27,1.05261,0.106709,0.00013
27,1.82917,0.224481,0.000129
27,1.24916,0.167465,0.000129
27,1.26465,0.216063,0.00013
27,0.765522,0.0657986,0.000128
27,1.45145,0.202437,0.000125
27,1.27562,0.121659,0.000127
27,1.4539,0.183004,0.000126
27,1.1926,0.123756,0.000129
27,1.30754,0.207231,0.000127
27,1.29151,0.21961,0.000132
27,1.09694,0.138574,0.000128
27,1.26689,0.170835,0.000127
27,1.60924,0.144203,0.000137
27,1.57256,0.14328,0.000127
27,1.36272,0.176394,9.8e-05
27,1.75187,0.330845,8.7e-05
27,1.34643,0.136864,8.7e-05
28,1.30096,0.120223,9.5e-05
28,0.952283,0.0924738,9.4e-05
28,1.60651,0.168509,9.5e-05
28,1.06973,0.152566,9.4e-05
28,1.82011,0.214454,9.6e-05
28,1.40292,0.127994,9.3e-05
28,1.26019,0.126439,9.4e-05
28,0.959466,0.129456,9.5e-05
28,0.892402,0.103032,9.5e-05
28,1.61666,0.2227,9.5e-05
28,1.58632,0.16312,9.6e-05
28,1.21319,0.161802,9.5e-05
28,1.21971,0.101024,9.5e-05
28,1.01355,0.118003,9.4e-05
28,0.797281,0.0698983,9.3e-05
28,0.655467,0.130728,9.6e-05
28,1.68442,0.166183,9.4e-05
28,0.885484,0.19676,9.4e-05
28,1.28271,0.111513,9.3e-05
28,1.14569,0.0856412,9.5e-05
29,1.43958,0.115813,0.000102
29,1.24531,0.14227,0.000104
29,1.38372,0.126484,0.000103
29,0.967495,0.108818,0.000101
29,0.915429,0.119398,0.000101
29,0.908459,0.130523,0.000103
29,1.32723,0.16375,0.000102
29,1.57145,0.178069,0.000102
29,1.03171,0.0816191,0.000101
29,1.61671,0.141772,0.0001
29,1.74072,0.142515,0.000105
29,1.35228,0.160394,0.000102
29,1.05,0.154929,0.000102
29,0.958478,0.138361,0.0001
29,1.02831,0.112167,0.000107
29,1.59053,0.142825,0.000102
29,1.29049,0.214507,0.000101
29,1.05634,0.0868865,0.000102
29,1.2848,0.102732,0.0001
29,1.20481,0.131844,0.000103
30,1.286,0.108534,0.000111
30,1.30242,0.135453,0.00011
30,1.37652,0.130984,0.000111
30,0.981334,0.243313,0.00011
30,1.199,0.122912,0.000112
30,1.1338,0.120348,0.000109
30,1.48773,0.177903,0.000109
30,0.91612,0.097905,0.000111
30,1.22127,0.104399,0.000112
30,0.975505,0.10882,0.000111
30,1.21689,0.089887,0.00011
30,1.21165,0.0991912,0.000108
30,1.20989,0.158325,0.000109
30,1.04264,0.152562,0.000114
30,0.900464,0.100214,0.000111
30,1.31506,0.124,0.000111
30,1.38932,0.190212,0.000111
30,1.13303,0.096197,0.00011
30,0.970378,0.107691,0.00011
30,1.1481,0.184622,0.00011
31,1.01846,0.089369,0.000123
31,1.3687,0.138376,0.000122
31,1.2897,0.151888,0.000118
31,1.12886,0.0842252,0.000116
31,1.14931,0.0788604,0.000116
31,0.979721,0.103155,0.000116
31,1.24877,0.134162,0.000122
31,1.5325,0.159886,0.000119
31,1.03132,0.0843257,0.00012
31,1.06722,0.126975,0.00012
31,0.862923,0.0806306,0.000119
31,1.09471,0.288694,0.000119
31,1.24094,0.124636,0.00012
31,1.69481,0.219067,0.00012
31,1.15425,0.142924,0.000118
31,1.22158,0.206749,0.000119
31,1.22797,0.181073,0.000123
31,0.914192,0.0923517,0.000118
31,0.956404,0.124144,0.000118
31,1.3041,0.101443,0.000119
32,1.19705,0.129632,0.000128
32,1.30872,0.185159,0.000126
32,1.29017,0.114257,0.000125
32,1.21777,0.107685,0.000129
32,1.51011,0.177372,0.000126
32,1.78838,0.185639,0.000126
32,1.19553,0.103819,0.000126
32,1.02025,0.091171,0.000126
32,1.09622,0.0986349,0.000127
32,1.29033,0.137401,0.000125
32,1.33765,0.225724,0.000126
32,1.49608,0.122101,0.000127
32,1.193,0.127722,0.000127
32,1.27148,0.141925,0.000127
32,1.43424,0.140154,0.000124
32,1.09604,0.161053,0.000127
32,1.06346,0.0666478,0.000127
32,0.807547,0.0700537,0.000128
32,0.974263,0.0977281,0.000127
32,1.11831,0.0955484,0.000129
33,1.10627,0.117161,0.000138
33,1.0877,0.0741319,0.000138
33,0.802446,0.0561373,0.000134
33,1.39153,0.119836,0.000136
33,0.842641,0.0759493,0.000136
33,0.902732,0.0906923,0.000135
33,0.807834,0.06963,0.000135
33,1.52937,0.120743,0.000134
33,1.18259,0.105592,0.000137
33,1.24002,0.130863,0.000136
33,1.03961,0.0846883,0.000135
33,1.3849,0.122327,0.000137
33,1.13937,0.0888735,0.000137
33,1.01226,0.106331,0.000137
33,1.00213,0.0892327,0.000136
33,1.08428,0.122212,0.000139
33,0.998494,0.0974116,0.000136
33,1.11881,0.161609,0.000135
33,1.20356,0.168154,0.000138
33,1.03733,0.145747,0.000138
34,1.48537,0.127251,0.000171
34,1.29635,0.128006,0.000145
34,1.37132,0.102903,0.000145
34,1.12138,0.11406,0.000147
34,1.01749,0.0822725,0.000144
34,1.23386,0.158231,0.000147
34,1.19655,0.0664226,0.000144
34,0.976447,0.104945,0.000146
34,1.28794,0.198865,0.000149
34,0.990833,0.0747062,0.000146
34,1.36888,0.131015,0.000144
34,1.11449,0.0891763,0.000145
34,1.08896,0.157338,0.000145
34,1.12556,0.0951958,0.000145
34,1.00198,0.0792351,0.000145
34,1.22863,0.134325,0.000145
34,1.12916,0.115439,0.000145
34,0.965312,0.123286,0.000145
34,1.56241,0.136809,0.000146
34,0.820855,0.0642792,0.000144
35,1.34722,0.215922,0.000153
35,1.46416,0.168006,0.000156
35,1.67418,0.204149,0.000158
35,0.948483,0.0751675,0.000152
35,0.761041,0.109159,0.000155
35,1.12714,0.107516,0.000156
35,1.62087,0.135396,0.000156
35,1.01171,0.0748873,0.000152
35,1.29601,0.107433,0.000153
35,1.00265,0.0638686,0.000157
35,1.18375,0.133823,0.000152
35,1.28244,0.151615,0.000152
35,1.40633,0.127141,0.000154
35,1.31183,0.107853,0.000154
35,1.13176,0.0884422,0.000152
35,1.05963,0.120335,0.000153
35,1.53227,0.0990424,0.000151
35,0.932427,0.0796387,0.000154
35,1.01271,0.0790137,0.000151
35,1.3937,0.191031,0.000156
36,1.34323,0.125367,0.000169
36,1.23675,0.110094,0.000165
36,0.921703,0.0650338,0.000164
36,1.06262,0.0740329,0.000163
36,1.23,0.139847,0.000164
36,1.4468,0.123883,0.000165
36,1.18825,0.0887248,0.000167
36,1.46465,0.127045,0.000164
36,1.14194,0.110098,0.000163
36,1.11491,0.126527,0.000164
36,1.15385,0.108611,0.000167
36,1.07944,0.0887723,0.000165
36,1.06906,0.101161,0.000165
36,1.69983,0.1481,0.000173
36,0.973281,0.0803226,0.000164
36,1.32947,0.0739996,0.000164
36,1.06259,0.110944,0.000163
36,0.894655,0.0973537,0.000168
36,1.60403,0.098537,0.000167
36,1.30147,0.107656,0.000164
37,1.14629,0.130456,0.000179
37,1.40555,0.122638,0.000174
37,1.30796,0.121604,0.000177
37,1.47157,0.173318,0.000176
37,1.41788,0.13324,0.000175
37,1.38674,0.156145,0.000174
37,1.39845,0.13797,0.000175
37,0.883781,0.0832743,0.000175
37,1.3315,0.144964,0.000177
37,1.29198,0.0987946,0.000172
37,1.33515,0.150446,0.000176
37,1.42959,0.113733,0.000173
37,1.41964,0.118636,0.000176
37,0.950779,0.134983,0.000177
37,1.44757,0.114511,0.000187
37,1.36383,0.12615,0.000176
37,0.999297,0.0868098,0.000174
37,1.42496,0.112573,0.000174
37,1.03983,0.0951624,0.000174
37,1.26789,0.136886,0.000175
38,1.20909,0.107035,0.000185
38,1.1225,0.1316,0.000185
38,0.864802,0.130204,0.000187
38,1.18313,0.105087,0.000182
38,1.18277,0.112632,0.000187
38,1.35852,0.123814,0.000185
38,1.55365,0.151526,0.000187
38,0.94239,0.113024,0.000184
38,0.853717,0.077795,0.000187
38,1.48428,0.152824,0.000191
38,1.21444,0.104861,0.000188
38,1.24479,0.096784,0.000183
38,1.4595,0.0929812,0.000185
38,1.37463,0.123383,0.00019
38,1.10737,0.0782638,0.000188
38,1.46462,0.117803,0.000185
38,1.51064,0.140364,0.000185
38,1.12948,0.118336,0.000187
38,1.31954,0.104653,0.000184
38,1.09688,0.082109,0.000185
39,1.32474,0.080881,0.000195
39,1.22595,0.109139,0.000195
39,1.26042,0.0990766,0.000197
39,1.07872,0.0725798,0.000195
39,1.32364,0.175804,0.000197
39,1.45323,0.187844,0.000198
39,1.01382,0.0756202,0.000207
39,1.08603,0.0877871,0.000195
39,0.998284,0.071833,0.000198
39,1.52204,0.08111,0.000198
39,0.931191,0.110833,0.000195
39,1.29064,0.0889173,0.000198
39,1.14763,0.0949639,0.000196
39,1.23379,0.0794057,0.000197
39,1.16939,0.0691263,0.000197
39,1.51252,0.0952021,0.000198
39,1.30143,0.144765,0.000198
39,1.09039,0.0622611,0.000195
39,1.22845,0.0911363,0.000195
39,1.34938,0.113652,0.000197
40,1.67636,0.127568,0.00021
40,1.17582,0.103194,0.000216
40,1.0881,0.0785706,0.000208
40,1.18425,0.14096,0.000206
40,1.37258,0.0722095,0.000208
40,1.45412,0.104804,0.000209
40,1.3632,0.0972351,0.000208
40,0.885165,0.0728022,0.000209
40,1.20194,0.0981644,0.000206
40,1.16637,0.102988,0.000207
40,0.916691,0.0859988,0.000212
40,1.20219,0.0944542,0.000209
40,0.817547,0.0713484,0.000208
40,1.00191,0.0650456,0.000204
40,1.17725,0.0885328,0.000208
40,1.18514,0.0871855,0.00021
40,1.04477,0.0783535,0.000207
40,1.06656,0.0998686,0.000207
40,1.22019,0.0906413,0.000208
40,0.985938,0.112365,0.000208
41,1.53814,0.105915,0.000222
41,1.24471,0.0999288,0.00022
41,1.09119,0.132422,0.000227
41,1.02646,0.0723691,0.000222
41,1.37608,0.0998128,0.000219
41,0.959261,0.0829734,0.000218
41,0.917627,0.0842773,0.000222
41,1.11466,0.194275,0.000227
41,1.11302,0.111004,0.000218
41,1.34528,0.141819,0.000219
41,0.947818,0.0688192,0.000225
41,0.974142,0.0657324,0.00022
41,1.09476,0.0826322,0.000218
41,1.52222,0.110069,0.000222
41,0.945168,0.077271,0.000222
41,1.28906,0.0901409,0.00022
41,1.04776,0.068441,0.000222
41,1.28985,0.0821683,0.000219
41,1.11551,0.0803615,0.00022
41,1.55941,0.0962051,0.000221
42,1.32923,0.136231,0.000232
42,1.52198,0.119792,0.000237
42,0.996701,0.0992658,0.000231
42,1.27862,0.117203,0.000239
42,1.46593,0.110719,0.000231
42,0.993557,0.0844744,0.000232
42,1.19842,0.078276,0.000234
42,1.35675,0.127524,0.00023
42,0.748695,0.058949,0.000229
42,1.28653,0.0793423,0.000234
42,1.57857,0.0995117,0.00023
42,1.32003,0.0946686,0.000233
42,1.22646,0.103469,0.000233
42,1.18357,0.0835292,0.000233
42,1.2273,0.0707422,0.000232
42,1.113,0.123084,0.000233
42,1.03303,0.133051,0.000233
42,0.716429,0.127657,0.00023
42,0.947133,0.109064,0.000231
42,1.15654,0.136276,0.000232
43,1.15335,0.0843849,0.000241
43,1.08342,0.0648763,0.000241
43,1.17865,0.0532477,0.000242
43,1.35031,0.0791368,0.000244
43,1.0161,0.0717776,0.000245
43,1.17377,0.0859604,0.000247
43,1.37462,0.149134,0.000245
43,1.53559,0.129232,0.000246
43,1.31496,0.111319,0.000247
43,1.35256,0.111644,0.000243
43,1.41603,0.125902,0.000247
43,1.19223,0.0959059,0.000245
43,1.22335,0.0996474,0.000245
43,1.07295,0.0874843,0.000242
43,1.04232,0.0568261,0.000242
43,0.917103,0.0950508,0.000244
43,1.36121,0.122116,0.000245
43,1.41147,0.0842837,0.000247
43,1.49705,0.097868,0.000244
43,1.23192,0.105257,0.000243
44,1.28461,0.08951,0.000258
44,1.40613,0.130476,0.000264
44,1.27806,0.0950851,0.00026
44,1.51104,0.147607,0.000255
44,1.61009,0.14644,0.000258
44,1.6237,0.240485,0.000257
44,1.17531,0.139621,0.000261
44,1.24453,0.0798055,0.000254
44,1.14187,0.0793906,0.000258
44,1.20555,0.114477,0.000259
44,1.17832,0.0911129,0.000256
44,1.26649,0.151904,0.000256
44,1.81959,0.125315,0.000262
44,0.874843,0.0657804,0.000259
44,1.02575,0.0680723,0.000258
44,1.18845,0.105862,0.000258
44,1.47173,0.101482,0.000254
44,1.07689,0.0835099,0.000253
44,1.05224,0.0770618,0.000255
44,1.19656,0.0780277,0.000261
45,1.3748,0.116257,0.00027
45,1.1554,0.133827,0.000272
45,1.03894,0.0858368,0.00027
45,1.25257,0.127277,0.000274
45,1.31096,0.151773,0.000278
45,0.95146,0.0601773,0.00027
45,1.15499,0.0675126,0.000267
45,1.06293,0.0698661,0.000269
45,1.12507,0.0704535,0.00027
45,1.32288,0.0823104,0.000269
45,1.46509,0.121454,0.00027
45,0.989859,0.0886777,0.000275
45,1.70523,0.0999945,0.00027
45,1.20239,0.0883349,0.000267
45,0.940165,0.0725018,0.000268
45,1.16688,0.0870766,0.000279
45,1.30535,0.10415,0.000268
45,1.17996,0.0792887,0.000273
45,1.27396,0.0775374,0.000269
45,1.39885,0.160587,0.000271
46,1.10341,0.116403,0.000282
46,1.32209,0.0764281,0.000284
46,1.29371,0.105758,0.000285
46,1.08835,0.0857305,0.000286
46,0.987004,0.0935715,0.000287
46,0.987697,0.0624257,0.000292
46,1.32442,0.12204,0.000287
46,1.13651,0.117614,0.000284
46,1.20539,0.144335,0.000284
46,1.21587,0.0997965,0.000283
46,1.5007,0.065506,0.000285
46,0.915452,0.0990899,0.000284
46,1.43985,0.102939,0.000286
46,1.15517,0.116028,0.000283
46,1.15831,0.0957006,0.000283
46,1.12826,0.112796,0.000284
46,1.18634,0.101972,0.000289
46,1.18735,0.134616,0.000281
46,1.02077,0.072319,0.000282
46,1.20619,0.118067,0.000286
47,0.835837,0.0854583,0.0003
47,0.987735,0.0749165,0.000301
47,1.30976,0.0874095,0.000302
47,1.23626,0.0762703,0.000299
47,1.0211,0.0729175,0.000296
47,1.15173,0.10449,0.000298
47,1.49103,0.0938661,0.000296
47,1.08427,0.0977523,0.000298
47,1.22085,0.10658,0.000303
47,1.35899,0.0717327,0.000294
47,1.24662,0.104601,0.000302
47,1.29386,0.145336,0.000301
47,1.03837,0.0564981,0.000294
47,1.35535,0.141711,0.000295
47,0.961588,0.0601585,0.000297
47,1.476,0.0880442,0.000295
47,1.1126,0.0876915,0.000293
47,1.06849,0.10386,0.000303
47,1.28793,0.0995961,0.000294
47,1.14836,0.0889509,0.000294
48,1.16879,0.0791955,0.000321
48,1.10574,0.0823937,0.000309
48,0.901221,0.0510362,0.000313
48,1.40232,0.0660426,0.00031
48,1.25576,0.088337,0.000315
48,1.11754,0.0963527,0.000318
48,0.801093,0.0569914,0.000312
48,1.16829,0.0710165,0.000312
48,1.25618,0.0873174,0.000314
48,1.16052,0.106332,0.000311
48,1.14088,0.0906416,0.000312
48,0.969278,0.0574389,0.000315
48,1.15121,0.100959,0.000307
48,1.38201,0.103187,0.000313
48,1.02674,0.048025,0.000313
48,1.24273,0.0608178,0.00031
48,1.20427,0.0764168,0.000319
48,1.20904,0.0815355,0.00031
48,1.08748,0.0764658,0.000314
48,1.38676,0.0718988,0.000309
49,1.10012,0.0681453,0.000328
49,1.05307,0.080505,0.000329
49,1.18139,0.0896203,0.000327
49,1.39119,0.0842449,0.000324
49,0.981238,0.105229,0.000326
49,1.34816,0.121827,0.000328
49,0.978614,0.0663729,0.000334
49,1.37485,0.0997659,0.000326
49,1.25523,0.0837239,0.000327
49,1.104,0.0695466,0.000326
49,1.41813,0.11161,0.000327
49,1.46464,0.121859,0.000322
49,1.06053,0.0609037,0.000329
49,1.5335,0.135977,0.000329
49,1.68166,0.12362,0.000323
49,1.41458,0.094466,0.000335
49,1.19902,0.0712812,0.000324
49,1.20114,0.0894441,0.000326
49,1.21149,0.0823346,0.000329
49,1.24265,0.0660175,0.000332
50,1.07027,0.0574433,0.000338
50,0.985367,0.0749467,0.000341
50,1.27225,0.0997304,0.000341
50,1.19917,0.104791,0.000342
50,1.53627,0.0954996,0.000343
50,1.22409,0.102986,0.00034
50,1.10886,0.0936418,0.000343
50,1.44435,0.153774,0.00034
50,0.927365,0.0527671,0.000343
50,1.32979,0.07854,0.000344
50,1.05087,0.122037,0.000338
50,0.994176,0.0630029,0.000342
50,1.2857,0.0683579,0.000343
50,1.35368,0.11896,0.000354
50,1.01433,0.0734252,0.000343
50,1.15316,0.0537757,0.000342
50,1.19686,0.0938202,0.000338
50,1.12314,0.142162,0.000337
50,0.858651,0.0595362,0.000342
50,0.924516,0.062469,0.000338
51,1.1246,0.109597,0.000355
51,1.10543,0.101729,0.00036
51,1.45159,0.10157,0.00036
51,1.04094,0.0858755,0.000364
51,1.26748,0.0924991,0.000355
51,1.50905,0.139271,0.000356
51,1.05078,0.0898199,0.000358
51,1.41706,0.127183,0.000351
51,1.08849,0.0871898,0.000356
51,1.06299,0.131457,0.000356
51,1.41149,0.187019,0.000353
51,1.18472,0.0984527,0.000357
51,1.17597,0.105288,0.000359
51,1.29643,0.0852029,0.000354
51,1.0384,0.0786472,0.000358
51,1.09798,0.0831326,0.000353
51,1.50937,0.106063,0.00036
51,1.05156,0.0782181,0.000358
51,1.18521,0.119952,0.000357
51,0.940452,0.0996405,0.000358
52,1.13429,0.0835196,0.000375
52,1.87273,0.113305,0.000374
52,1.43003,0.0952418,0.000374
52,1.05169,0.0741083,0.000371
52,1.08577,0.0548499,0.000371
52,1.23656,0.102385,0.000372
52,1.14569,0.0909268,0.000371
52,1.19074,0.122904,0.000378
52,1.21635,0.0647569,0.000376
52,1.20643,0.0817543,0.000373
52,1.41831,0.107691,0.000371
52,1.00417,0.0518797,0.00037
52,1.07146,0.11306,0.000368
52,1.23611,0.0665422,0.00037
52,1.41489,0.113381,0.000369
52,0.938297,0.0850354,0.00037
52,0.939216,0.0709604,0.000373
52,1.38038,0.105259,0.000372
52,1.08612,0.0855019,0.000375
52,1.11027,0.077228,0.000368
53,1.15869,0.0797772,0.000397
53,1.41452,0.0845509,0.000393
53,1.29461,0.076862,0.000391
53,1.29307,0.0526127,0.000393
53,1.51303,0.0840729,0.000392
53,1.18813,0.112594,0.000396
53,1.1718,0.103871,0.000391
53,1.30183,0.129375,0.000387
53,1.4825,0.071588,0.000393
53,1.01426,0.064049,0.000388
53,1.20029,0.0780204,0.000388
53,1.33461,0.0796367,0.000397
53,0.936391,0.0749868,0.000386
53,1.21845,0.0615568,0.000385
53,1.68369,0.0868223,0.000385
53,1.19191,0.0793925,0.000391
53,1.13776,0.0595021,0.000389
53,0.982334,0.0639232,0.000393
53,0.938822,0.0461347,0.000391
53,1.30571,0.105966,0.000392
54,1.35271,0.0843533,0.000411
54,1.16245,0.0790975,0.000404
54,1.0068,0.045479,0.000402
54,1.6905,0.100621,0.000406
54,1.40545,0.0809161,0.000406
54,0.913588,0.0523344,0.000407
54,1.12579,0.109597,0.000404
54,1.20975,0.0971347,0.000411
54,0.980231,0.0493237,0.000401
54,1.50601,0.130624,0.000405
54,1.19062,0.105695,0.000409
54,1.1564,0.0671649,0.000403
54,1.10115,0.0527021,0.000402
54,1.19963,0.0665616,0.000405
54,1.091,0.0657357,0.000402
54,1.07301,0.0548633,0.000406
54,1.18314,0.113238,0.000407
54,1.22401,0.080395,0.00041
54,1.22385,0.0705882,0.000404
54,1.12301,0.081958,0.000404
55,1.08602,0.0942501,0.000417
55,1.15652,0.0778814,0.000428
55,1.23295,0.0714433,0.000433
55,1.3268,0.0851487,0.000419
55,1.03088,0.0685786,0.000423
55,1.09187,0.0697344,0.000423
55,1.42533,0.0841709,0.000419
55,1.50709,0.083583,0.000416
55,1.49919,0.0771317,0.000426
55,1.02344,0.0603427,0.000428
55,1.13624,0.106713,0.00042
55,1.31303,0.137151,0.000421
55,0.985071,0.0648636,0.000418
55,1.2019,0.0644832,0.00042
55,1.16825,0.0885635,0.000424
55,1.20924,0.0774278,0.000421
55,1.24975,0.072635,0.000425
55,0.937061,0.0676569,0.000424
55,1.38147,0.0823497,0.000427
55,1.23875,0.0727792,0.000425
56,1.22358,0.0937631,0.000438
56,1.30064,0.11772,0.000435
56,1.24453,0.124694,0.000436
56,1.20223,0.0650063,0.000438
56,1.42181,0.0750028,0.00044
56,1.27261,0.0596897,0.000436
56,1.22464,0.0901591,0.000439
56,1.00854,0.0779555,0.000435
56,1.15924,0.0435794,0.000435
56,1.04485,0.09751,0.000436
56,1.63184,0.0904187,0.000441
56,1.00602,0.108327,0.00044
56,1.05285,0.0590821,0.000435
56,1.19413,0.071982,0.000439
56,0.82189,0.0457544,0.000441
56,1.30545,0.0820011,0.000437
56,0.954887,0.0746653,0.000441
56,1.32414,0.0793559,0.000439
56,1.32264,0.0896356,0.000439
56,1.55025,0.0877259,0.000434
57,1.22293,0.112256,0.000458
57,0.984316,0.0548106,0.000454
57,1.45849,0.147985,0.00046
57,1.14629,0.0973999,0.000453
57,1.29077,0.071738,0.000453
57,1.23532,0.105708,0.000459
57,1.36446,0.0808318,0.000451
57,1.16807,0.115131,0.000455
57,1.06251,0.0814113,0.000459
57,1.12237,0.0712141,0.000458
57,1.01257,0.116579,0.000451
57,1.30784,0.088585,0.00046
57,1.265,0.103721,0.000456
57,1.0769,0.0543202,0.000455
57,0.967332,0.0919325,0.000453
57,1.35994,0.0633657,0.000461
57,1.0271,0.105526,0.000458
57,1.08156,0.0608463,0.000453
57,1.22655,0.0704301,0.000461
57,1.28719,0.0807499,0.000455
58,1.07803,0.0649956,0.000472
58,1.20094,0.0817612,0.00048
58,1.28889,0.0883725,0.000474
58,1.12089,0.0795572,0.000474
58,1.16303,0.0732319,0.00047
58,1.33077,0.0752186,0.000475
58,1.22942,0.0774854,0.000476
58,1.08556,0.0651539,0.000475
58,1.15497,0.123146,0.000474
58,1.07846,0.0630729,0.000472
58,1.17449,0.074733,0.000475
58,1.11788,0.0852966,0.000477
58,1.2221,0.0887811,0.00047
58,1.09206,0.0910201,0.000479
58,1.19981,0.0997365,0.000473
58,1.22677,0.096172,0.000478
58,1.23866,0.08273,0.000472
58,1.35172,0.110781,0.000469
58,1.2947,0.0735829,0.000477
58,1.02153,0.0573344,0.000479
59,1.32158,0.100364,0.00049
59,1.14315,0.0633392,0.000496
59,1.10729,0.0609826,0.000486
59,1.06792,0.0764293,0.000496
59,1.16215,0.0820996,0.000502
59,1.2214,0.0810474,0.000494
59,0.96374,0.0666633,0.000494
59,1.03982,0.0765731,0.000491
59,1.20596,0.0613183,0.000492
59,1.22742,0.0768951,0.000491
59,1.16924,0.0942452,0.000495
59,1.21305,0.0664821,0.00049
59,1.17822,0.0866956,0.000498
59,1.15653,0.0616189,0.000488
59,1.19877,0.097793,0.000493
59,0.961258,0.0578215,0.00049
59,1.03584,0.0683634,0.000506
59,1.03417,0.0577152,0.000496
59,1.11891,0.10423,0.000496
59,1.39015,0.0702784,0.000493
60,1.60328,0.109371,0.000509
60,1.2141,0.0846926,0.000517
60,1.16289,0.0713115,0.000524
60,1.09154,0.0960302,0.000517
60,1.13413,0.0855533,0.000511
60,1.40402,0.0831202,0.000513
60,1.37104,0.0860386,0.000508
60,1.50769,0.0959925,0.000516
60,1.14732,0.0753037,0.000521
60,1.1861,0.06563,0.00051
60,1.12844,0.0877162,0.000507
60,1.14157,0.0825375,0.000512
60,1.37512,0.0994511,0.000515
60,1.09786,0.0579865,0.000511
60,1.34484,0.0709791,0.000515
60,1.28935,0.0920111,0.000516
60,1.38692,0.0700789,0.000511
60,1.24891,0.0588664,0.000511
60,1.08764,0.0715658,0.00051
60,1.31986,0.069565,0.000511
61,1.16555,0.0594834,0.000535
61,1.23101,0.0722801,0.000528
61,1.25755,0.0634083,0.000533
61,1.14869,0.0591698,0.000529
61,1.03369,0.0541034,0.00053
61,1.05961,0.0815403,0.000539
61,1.08208,0.0591508,0.00055
61,1.27701,0.0627312,0.000529
61,1.25359,0.0771246,0.000529
61,1.24593,0.0676365,0.000533
61,1.24649,0.0929161,0.000533
61,1.01451,0.0583047,0.000527
61,1.04753,0.0600997,0.000531
61,1.17048,0.0749306,0.000525
61,1.19541,0.0734148,0.000539
61,0.913393,0.051971,0.000532
61,1.30579,0.0879993,0.000524
61,0.926428,0.0811615,0.000531
61,1.1401,0.0647609,0.000534
61,1.01884,0.0694984,0.000538
62,1.19774,0.0570997,0.000553
62,1.05071,0.0649364,0.000554
62,1.16175,0.107437,0.000547
62,0.920752,0.0572938,0.000549
62,1.42324,0.0864108,0.000562
62,1.16633,0.0701088,0.000548
62,0.955792,0.0656922,0.000551
62,1.05497,0.0699911,0.00056
62,1.01474,0.0648829,0.00055
62,1.4008,0.0622398,0.000563
62,1.31079,0.064795,0.00055
62,1.3554,0.113986,0.000551
62,0.911772,0.0456166,0.000545
62,0.981851,0.0673688,0.000556
62,1.03802,0.0874396,0.000546
62,1.64272,0.0867703,0.000555
62,1.18718,0.0567411,0.000552
62,1.30418,0.0641331,0.000558
62,1.02239,0.0518473,0.000543
62,1.02164,0.0685468,0.00055
63,1.36546,0.0567813,0.000581
63,1.22739,0.100065,0.000574
63,1.28188,0.0625619,0.000566
63,1.05425,0.0602807,0.000574
63,1.2142,0.0891118,0.000571
63,1.25884,0.0501257,0.000568
63,1.28776,0.0653286,0.000574
63,1.18692,0.0702709,0.000568
63,1.26531,0.0566157,0.000566
63,1.35152,0.0614946,0.000579
63,1.22374,0.089282,0.000563
63,1.31994,0.0585993,0.000574
63,1.0311,0.0436104,0.000568
63,1.18512,0.0654569,0.000568
63,1.19773,0.0536141,0.000568
63,1.08774,0.0665981,0.000569
63,1.04811,0.0615828,0.000568
63,0.946219,0.0644136,0.000573
63,1.14568,0.0548491,0.000568
63,0.946198,0.0769939,0.000568
64,1.41636,0.0704451,0.000592
64,1.1534,0.0736649,0.000593
64,1.27036,0.0826692,0.000598
64,0.736892,0.0334896,0.000589
64,1.29908,0.0636834,0.000601
64,1.16095,0.0627491,0.000589
64,0.886325,0.057936,0.000587
64,1.17107,0.10287,0.000601
64,1.48596,0.111156,0.000593
64,1.23944,0.14826,0.000588
64,1.29889,0.0600463,0.000589
64,1.1853,0.0534808,0.00059
64,1.08895,0.0733384,0.000591
64,0.985106,0.0558026,0.000597
64,1.14079,0.0519414,0.000596
64,1.06856,0.0705034,0.000585
64,1.33699,0.159958,0.000586
64,1.19763,0.0572837,0.000586
64,1.01651,0.0713848,0.000607
64,1.4279,0.0964662,0.000588
65,1.35386,0.0844344,0.000608
65,1.18591,0.0503311,0.000613
65,0.976965,0.0448354,0.000607
65,1.48281,0.0792665,0.000618
65,1.23255,0.0673881,0.000605
65,1.22343,0.0791808,0.000603
65,1.03619,0.0634547,0.00061
65,1.1428,0.066236,0.000607
65,1.27714,0.0600881,0.000613
65,1.25937,0.0907956,0.000609
65,1.08033,0.0697489,0.000609
65,1.4573,0.103498,0.000608
65,1.19243,0.0666921,0.000622
65,1.00547,0.0770697,0.000618
65,1.36984,0.0769111,0.000612
65,1.0664,0.100235,0.000606
65,1.2423,0.0696019,0.000609
65,1.29096,0.111794,0.000606
65,1.15221,0.0525842,0.000616
65,1.2043,0.0515203,0.000609
66,1.15507,0.061024,0.000644
66,1.1695,0.0569866,0.000628
66,1.52532,0.0754583,0.000634
66,1.08581,0.0524991,0.000647
66,1.12028,0.0855691,0.000629
66,0.98144,0.0594554,0.000641
66,1.04278,0.0409442,0.000634
66,1.09582,0.0779583,0.000629
66,1.08681,0.0632253,0.000638
66,0.889516,0.0392555,0.000631
66,1.15043,0.0724555,0.000626
66,1.26726,0.0747601,0.000626
66,1.32351,0.0964846,0.000638
66,1.05507,0.0921353,0.000634
66,1.15055,0.0738446,0.000641
66,1.12323,0.0599149,0.000626
66,0.909442,0.0570166,0.000647
66,1.06534,0.0679328,0.000626
66,1.33362,0.0655525,0.000643
66,1.19497,0.0662776,0.000638
67,1.01584,0.064036,0.000682
67,1.04599,0.0550614,0.000665
67,1.24595,0.0656878,0.000649
67,0.967623,0.04361,0.000667
67,1.62617,0.0606957,0.000659
67,1.45602,0.0726074,0.000654
67,1.14373,0.0924616,0.000655
67,1.29316,0.0821962,0.000676
67,1.30248,0.0965714,0.000653
67,1.38186,0.106436,0.00066
67,0.823897,0.0469468,0.000658
67,1.15828,0.0674983,0.000657
67,1.05006,0.0851307,0.000664
67,0.997608,0.0532556,0.000654
67,1.35273,0.0791852,0.000653
67,0.981544,0.0493484,0.000663
67,1.088,0.0578042,0.000654
67,1.13118,0.0613721,0.000669
67,1.32484,0.0862514,0.000651
67,1.70224,0.0873878,0.00066
68,1.17102,0.083861,0.00068
68,1.04306,0.0433503,0.000688
68,1.21404,0.0665754,0.000685
68,1.11813,0.0397013,0.000674
68,1.30275,0.0460343,0.000678
68,1.18043,0.0627123,0.000676
68,1.05665,0.059484,0.000683
68,1.04245,0.0486467,0.00068
68,1.12258,0.100641,0.00068
68,1.435,0.0651165,0.000678
68,1.12844,0.0530397,0.000684
68,1.26685,0.0708498,0.000701
68,1.0095,0.0569751,0.000674
68,1.43996,0.0731788,0.000677
68,1.1182,0.0477463,0.000684
68,1.26864,0.0871417,0.000691
68,1.42238,0.0725208,0.000688
68,1.1714,0.0730809,0.000677
68,1.05294,0.0840702,0.000673
68,1.18544,0.0789642,0.000679
69,1.02736,0.0944413,0.000707
69,1.23409,0.0611335,0.000703
69,1.2404,0.0707014,0.000702
69,1.14834,0.0630938,0.000702
69,1.05432,0.0864572,0.000714
69,1.20943,0.102009,0.000697
69,1.49443,0.0764105,0.000704
69,1.51435,0.069288,0.000697
69,1.01022,0.0918909,0.000701
69,1.27037,0.0547425,0.000704
69,1.20612,0.0918882,0.000698
69,1.09813,0.0720682,0.000695
69,1.37213,0.0658179,0.000702
69,1.41594,0.110216,0.000711
69,1.14587,0.0723753,0.000703
69,1.13365,0.0537877,0.000698
69,1.29251,0.0721172,0.000695
69,1.31454,0.0510101,0.000703
69,1.55077,0.104334,0.000699
69,1.29912,0.0869981,0.000703
70,0.906022,0.0423298,0.000728
70,0.936264,0.066353,0.000717
70,1.18917,0.0544303,0.00073
70,1.21028,0.0715696,0.000725
70,1.03278,0.0571091,0.000722
70,1.1912,0.0697451,0.000735
70,1.0332,0.0578455,0.000733
70,1.17396,0.0827828,0.000731
70,1.32657,0.0758449,0.000724
70,1.05247,0.0574034,0.000724
70,1.12493,0.0603291,0.000724
70,1.06558,0.0466744,0.000728
70,1.06969,0.0546672,0.000723
70,1.45127,0.0755367,0.000715
70,1.09864,0.097814,0.000723
70,1.35134,0.0933461,0.000738
70,1.26814,0.0511852,0.000718
70,1.21549,0.0744387,0.000727
70,1.10602,0.0484669,0.000725
70,1.31121,0.0757377,0.000727
71,1.41096,0.0631509,0.000751
71,1.08384,0.0879228,0.000745
71,1.45874,0.111676,0.000746
71,1.39093,0.0802582,0.000762
71,1.09941,0.0782586,0.000748
71,1.00498,0.0418995,0.000742
71,1.38595,0.0820896,0.00075
71,1.53716,0.075411,0.000761
71,1.32704,0.080746,0.000745
71,1.13278,0.049734,0.000749
71,1.1053,0.0739025,0.000756
71,1.43976,0.0728228,0.000754
71,1.11569,0.0724513,0.000762
71,0.945555,0.0514528,0.000748
71,1.41391,0.0685888,0.000748
71,1.13492,0.0604081,0.000761
71,1.26772,0.0590486,0.000759
71,1.11844,0.0636918,0.000754
71,1.10503,0.0424335,0.000746
71,1.47976,0.0793682,0.000741
72,0.804223,0.0426962,0.000789
72,1.08358,0.0785189,0.000777
72,1.083,0.0580569,0.000761
72,1.46029,0.0802349,0.00077
72,1.31754,0.0768384,0.000786
72,1.42585,0.0771799,0.00077
72,1.22446,0.0425641,0.000779
72,1.3151,0.0645542,0.000776
72,1.30697,0.0982607,0.000779
72,1.26579,0.0645268,0.000788
72,1.05044,0.0550668,0.000763
72,1.3385,0.0726979,0.000761
72,1.54637,0.0649982,0.000778
72,1.20154,0.0573412,0.00078
72,0.827722,0.0445313,0.000779
72,1.26028,0.0744726,0.000785
72,1.12717,0.0946617,0.000777
72,1.15725,0.0778825,0.00077
72,1.52543,0.10037,0.000774
72,1.05976,0.0643463,0.000773
73,1.33074,0.0676043,0.000803
73,1.1871,0.0556217,0.00079
73,1.20989,0.0817699,0.000793
73,1.13797,0.0462735,0.000791
73,0.970052,0.0535423,0.000796
73,1.22755,0.0590825,0.000805
73,1.36732,0.0882797,0.000794
73,1.12628,0.0742539,0.000793
73,1.47892,0.0734407,0.000801
73,1.18354,0.0413742,0.000805
73,1.06667,0.0592252,0.000798
73,1.15627,0.0663871,0.000834
73,1.06826,0.0487248,0.000806
73,1.05715,0.0577084,0.000787
73,1.11024,0.094243,0.000799
73,1.45891,0.0997556,0.000798
73,1.07845,0.0673036,0.000795
73,1.43063,0.114177,0.000795
73,1.06944,0.0441956,0.000788
73,1.32366,0.0731148,0.000803
74,1.10474,0.0729901,0.000826
74,1.23049,0.0613968,0.000823
74,1.24329,0.0682402,0.00081
74,1.06616,0.0545244,0.000836
74,1.18998,0.0815751,0.00081
74,1.1888,0.097428,0.000824
74,1.36103,0.0697382,0.000822
74,1.21389,0.0773231,0.000828
74,1.12522,0.0483305,0.000812
74,1.24704,0.0729412,0.000811
74,1.19973,0.051515,0.000813
74,1.14325,0.0518824,0.000819
74,1.34541,0.0718158,0.000814
74,1.27401,0.0511415,0.000826
74,1.56536,0.0789099,0.000829
74,1.03507,0.0458304,0.00082
74,1.06988,0.0546013,0.000824
74,1.42742,0.0533651,0.000828
74,1.02569,0.0359008,0.000835
74,1.1273,0.0769346,0.000818
75,1.3107,0.0830869,0.000843
75,1.00769,0.0532575,0.000845
75,1.4271,0.0799874,0.000857
75,1.28009,0.0905395,0.000841
75,1.06514,0.0551717,0.000839
75,1.18266,0.05856,0.000852
75,1.20809,0.0738322,0.000855
75,1.43728,0.0966307,0.000839
75,0.913161,0.0624835,0.000839
75,1.30759,0.0692782,0.00086
75,1.3073,0.0776307,0.000845
75,1.18876,0.0565987,0.000833
75,1.0928,0.0499185,0.000852
75,1.02051,0.0641553,0.000852
75,1.43402,0.0757403,0.00085
75,1.32714,0.0913646,0.000849
75,1.21477,0.0439029,0.000853
75,1.0831,0.0587648,0.000859
75,1.50115,0.0715969,0.000841
75,1.13901,0.0390139,0.000843
76,1.26085,0.062391,0.000884
76,1.22419,0.070266,0.000864
76,1.18481,0.0633476,0.000869
76,1.39738,0.0833512,0.000865
76,0.900098,0.0448261,0.000878
76,1.49087,0.0839408,0.000877
76,1.17261,0.0469844,0.000864
76,1.06156,0.0335049,0.000866
76,1.45822,0.0742467,0.000875
76,1.16589,0.0545736,0.000864
76,1.50966,0.0641529,0.000865
76,1.00016,0.0451034,0.000876
76,1.0262,0.0476763,0.000873
76,1.21206,0.108867,0.000865
76,1.25243,0.0518285,0.000864
76,1.39151,0.065444,0.000884
76,1.24777,0.0536013,0.000862
76,1.39963,0.0701325,0.000868
76,1.26572,0.0472914,0.000888
76,1.24031,0.0650705,0.000866
77,1.2372,0.055889,0.000893
77,1.29716,0.0627752,0.000894
77,1.48104,0.0803696,0.000901
77,1.39312,0.0457375,0.00091
77,1.29941,0.0875181,0.000897
77,1.28663,0.0551119,0.000896
77,1.03374,0.066305,0.000884
77,0.793283,0.0350613,0.000898
77,1.11599,0.0595384,0.000886
77,1.13227,0.0479798,0.000903
77,1.29342,0.0526442,0.000888
77,1.02303,0.0527215,0.0009
77,1.14664,0.0616956,0.000919
77,1.23613,0.0625835,0.0009
77,1.1555,0.0642178,0.00089
77,1.06909,0.0390174,0.000893
77,1.13118,0.0538973,0.000907
77,0.972777,0.0501186,0.000891
77,1.32895,0.0679573,0.000905
77,1.04759,0.0467158,0.000908
78,1.0207,0.0436902,0.000975
78,0.871356,0.0399394,0.000918
78,1.11874,0.0524638,0.000921
78,1.18761,0.0622306,0.000939
78,1.24445,0.0593127,0.000908
78,1.15835,0.0639869,0.000915
78,1.0024,0.0571344,0.000925
78,1.23497,0.0601427,0.000915
78,1.12175,0.0482935,0.000926
78,0.930711,0.0550153,0.000931
78,1.27444,0.0450047,0.00092
78,1.14492,0.0424519,0.000918
78,1.27816,0.0827001,0.000921
78,1.13185,0.0396168,0.000925
78,1.16278,0.0731029,0.000916
78,0.914014,0.0472035,0.00092
78,1.14036,0.0541914,0.000937
78,1.14606,0.05653,0.000922
78,1.23275,0.0646808,0.000921
78,1.07096,0.0439942,0.000915
79,1.28647,0.0555378,0.000963
79,1.22748,0.0632207,0.000951
79,1.06302,0.0810705,0.000948
79,1.02077,0.0366591,0.000958
79,1.2458,0.0828918,0.000947
79,1.43195,0.0548492,0.000958
79,1.04806,0.0423412,0.000948
79,1.19254,0.0487578,0.000973
79,1.2568,0.0459387,0.000948
79,1.01822,0.045589,0.000943
79,1.27056,0.0823403,0.000951
79,1.19303,0.0882704,0.000954
79,1.07226,0.0808046,0.000948
79,1.39416,0.082163,0.000946
79,1.00323,0.0606076,0.000944
79,1.28368,0.0623678,0.000938
79,1.22392,0.0586023,0.000952
79,1.04212,0.0447384,0.000947
79,1.2757,0.0643465,0.00095
79,1.30021,0.0961279,0.000945
80,1.72278,0.102731,0.000985
80,1.21447,0.0573033,0.000975
80,0.919225,0.0623542,0.000966
80,1.23797,0.0601611,0.000991
80,1.08741,0.0489074,0.000967
80,1.29041,0.0577593,0.000971
80,1.3993,0.0607805,0.000975
80,1.35472,0.061512,0.000972
80,1.12795,0.0619241,0.000965
80,1.2848,0.0515089,0.000985
80,1.04664,0.0777241,0.000982
80,1.14137,0.0432245,0.000966
80,1.23472,0.0472112,0.000978
80,1.07295,0.0933932,0.000976
80,1.29389,0.0488655,0.000974
80,1.16931,0.0603063,0.000967
80,1.09112,0.0493554,0.000976
80,1.18589,0.0640003,0.000976
80,1.1267,0.0468301,0.000974
80,1.2059,0.0495932,0.001
81,1.2136,0.062984,0.001007
81,1.29424,0.0612636,0.001011
81,1.12955,0.0676951,0.001016
81,1.16012,0.038841,0.001006
81,1.39662,0.0649636,0.000992
81,1.17774,0.0573365,0.001012
81,1.045,0.0450088,0.001007
81,1.17431,0.0921391,0.000998
81,1.08311,0.0537732,0.001012
81,1.14627,0.0724242,0.001017
81,0.945173,0.0423221,0.000996
81,1.25848,0.0543085,0.001005
81,1.15459,0.0584283,0.001
81,1.45626,0.066303,0.001003
81,1.09875,0.0444901,0.001005
81,1.19032,0.0465322,0.000999
81,1.11119,0.0579892,0.000997
81,1.2515,0.0656517,0.000999
81,1.41151,0.0525597,0.000999
81,0.911214,0.0356775,0.000997
82,1.06473,0.0530325,0.001036
82,1.48191,0.0970202,0.001037
82,1.29138,0.0615228,0.001029
82,1.10028,0.073692,0.001027
82,1.09483,0.0489932,0.001032
82,0.869409,0.0404343,0.001024
82,1.16081,0.0455586,0.001036
82,1.04109,0.0426952,0.001039
82,1.01724,0.0396865,0.001027
82,1.28905,0.0548387,0.001025
82,0.985539,0.0364309,0.001031
82,1.42157,0.0764438,0.001037
82,0.98287,0.0549364,0.001033
82,1.19292,0.046021,0.001045
82,1.23543,0.0630638,0.001018
82,1.05127,0.0440457,0.001024
82,1.20045,0.0609898,0.001038
82,0.974101,0.0456965,0.001025
82,1.08748,0.0635074,0.001024
82,1.16027,0.0593579,0.00106
83,1.30803,0.0687948,0.001058
83,1.27894,0.075591,0.001067
83,1.39239,0.0560765,0.001069
83,1.20395,0.0456371,0.001053
83,1.18438,0.0654484,0.001057
83,1.37124,0.0752986,0.001053
83,1.08888,0.0574422,0.001055
83,1.03292,0.0478873,0.001064
83,1.01925,0.0624367,0.001067
83,0.960155,0.0719977,0.001058
83,1.07038,0.0551215,0.001068
83,1.24948,0.0650725,0.001058
83,1.21165,0.0666106,0.001049
83,1.39446,0.0749246,0.001065
83,1.17142,0.0903839,0.001066
83,1.28282,0.0795721,0.001052
83,1.0813,0.0414847,0.001053
83,1.22116,0.0567998,0.001063
83,1.23515,0.0967022,0.001063
83,1.15184,0.0629791,0.001073
84,1.52325,0.0847959,0.001093
84,1.25538,0.0459612,0.001081
84,1.04608,0.0685896,0.0011
84,1.30599,0.0460085,0.001092
84,1.36512,0.0579235,0.00108
84,1.35882,0.0778267,0.001106
84,1.2272,0.0513678,0.001091
84,1.14645,0.0572342,0.001076
84,1.04666,0.0500301,0.001094
84,1.30449,0.0601337,0.001098
84,1.22733,0.0476097,0.001082
84,1.24241,0.0622376,0.001102
84,1.03473,0.0492841,0.001089
84,1.21058,0.0668252,0.001081
84,1.39579,0.0608649,0.001097
84,0.834014,0.0639978,0.001109
84,1.09567,0.0423356,0.001078
84,1.15404,0.0628467,0.001113
84,1.10472,0.0779161,0.001087
84,1.22006,0.0676979,0.001084
85,1.33633,0.0543966,0.001123
85,1.23183,0.0910552,0.001112
85,1.28576,0.0518821,0.001113
85,1.24166,0.0620839,0.001128
85,1.27268,0.0626701,0.001106
85,1.10026,0.0516443,0.001117
85,1.20409,0.0733592,0.001122
85,1.04713,0.0536287,0.001104
85,1.31265,0.0522971,0.001136
85,1.36638,0.0649216,0.001103
85,1.2212,0.0593377,0.001131
85,1.19374,0.0932307,0.001125
85,1.26145,0.0619816,0.001112
85,1.31726,0.0703911,0.001106
85,1.28546,0.0559758,0.001123
85,1.08019,0.0659923,0.001138
85,1.06284,0.071261,0.001113
85,1.21851,0.0443188,0.001148
85,1.2042,0.0496383,0.001111
85,1.02384,0.0474396,0.001108
86,1.29484,0.0689837,0.001163
86,1.2915,0.068077,0.001132
86,1.2137,0.0690119,0.001164
86,1.04473,0.0534304,0.001138
86,1.19151,0.0615181,0.001141
86,1.14977,0.0685104,0.001151
86,1.39026,0.0760088,0.001173
86,1.10512,0.0643494,0.001134
86,1.39326,0.051591,0.00116
86,1.01335,0.0464402,0.001145
86,1.29257,0.048283,0.001134
86,0.941987,0.0393616,0.001157
86,1.35858,0.0670846,0.001151
86,1.34036,0.0552427,0.001181
86,1.1935,0.0663275,0.001151
86,1.29491,0.0520831,0.001162
86,1.17955,0.0618315,0.001152
86,1.16904,0.0560231,0.001139
86,1.00462,0.0420697,0.00114
86,0.993207,0.0416032,0.001149
87,1.18258,0.0446738,0.001185
87,1.41441,0.065857,0.001195
87,1.12649,0.0554348,0.001175
87,1.07755,0.0529787,0.001158
87,1.26041,0.034964,0.001215
87,1.31113,0.0705973,0.001179
87,1.14063,0.0562423,0.001158
87,1.32106,0.0642959,0.001189
87,1.28704,0.0490335,0.001165
87,1.20473,0.054768,0.001198
87,1.47346,0.060345,0.001181
87,1.06014,0.0408413,0.001191
87,1.38794,0.0510688,0.001177
87,0.952335,0.0575861,0.001194
87,1.21605,0.0592409,0.001165
87,1.11591,0.0475849,0.001185
87,1.22104,0.0945916,0.001166
87,1.15251,0.0759134,0.001182
87,1.29818,0.10063,0.001194
87,1.14141,0.0427737,0.00117
88,1.15888,0.045317,0.001207
88,1.04878,0.0371019,0.001219
88,0.981402,0.0754586,0.0012
88,1.32873,0.055624,0.001215
88,1.34323,0.0597808,0.001207
88,1.00179,0.0377319,0.001207
88,1.30604,0.0470627,0.001217
88,1.31119,0.0577278,0.001204
88,1.01473,0.0580349,0.001209
88,1.15397,0.07891,0.001192
88,1.03362,0.0796305,0.001186
88,0.969731,0.0689322,0.001206
88,1.19023,0.0753812,0.001204
88,1.05431,0.041001,0.001225
88,1.26517,0.0477218,0.001198
88,1.24084,0.0504669,0.001188
88,1.38214,0.0779918,0.001204
88,1.06449,0.0591428,0.001208
88,1.14519,0.04185,0.001209
88,1.28498,0.084368,0.00122
89,1.49564,0.0540823,0.001232
89,1.00756,0.0431039,0.00124
89,1.14101,0.038409,0.001234
89,1.35756,0.0598661,0.001231
89,1.29479,0.0571859,0.001237
89,1.30261,0.0922576,0.001222
89,1.02541,0.0450475,0.001247
89,1.09315,0.0435553,0.001221
89,1.08789,0.0469687,0.001244
89,1.09043,0.049583,0.001242
89,1.06328,0.0349435,0.001237
89,1.04459,0.0304201,0.001246
89,1.09486,0.0514948,0.00123
89,1.31749,0.0511227,0.001217
89,1.1647,0.0683066,0.001247
89,1.18512,0.0694477,0.001226
89,1.0455,0.0397239,0.00125
89,1.23236,0.0448401,0.001225
89,1.16596,0.0630425,0.001254
89,1.00762,0.0439702,0.001231
90,0.952467,0.0355821,0.001272
90,1.2236,0.0583769,0.001264
90,1.47097,0.069367,0.001262
90,1.52865,0.0695767,0.001268
90,1.50064,0.0923883,0.001296
90,1.18154,0.0408243,0.001261
90,1.35611,0.0412445,0.001275
90,1.1028,0.0439414,0.001265
90,1.22049,0.0539848,0.001261
90,1.20415,0.0552524,0.001273
90,0.870851,0.0404827,0.001263
90,1.32163,0.0498501,0.001283
90,1.12545,0.0593334,0.001258
90,1.08405,0.0440803,0.001263
90,1.40289,0.0875494,0.001265
90,1.16136,0.0498527,0.001261
90,1.20961,0.0479992,0.001272
90,1.0594,0.0321039,0.00126
90,1.22409,0.0479534,0.001258
90,1.16533,0.0514045,0.001279
91,1.10872,0.0647167,0.0013
91,1.07153,0.038906,0.001339
91,1.1366,0.0456842,0.001292
91,1.44757,0.0569541,0.001283
91,1.17006,0.0422001,0.001288
91,1.01781,0.0464216,0.001294
91,1.00903,0.0345185,0.001312
91,1.35257,0.0748158,0.0013
91,1.0731,0.0401197,0.001324
91,1.22929,0.0445083,0.001303
91,1.16597,0.0519505,0.001301
91,1.011,0.0434693,0.001298
91,1.22822,0.0464229,0.001285
91,1.33601,0.0796618,0.001303
91,1.47385,0.0527078,0.001293
91,1.38633,0.0659522,0.001297
91,1.21378,0.041075,0.001309
91,1.33999,0.043613,0.00129
91,1.45981,0.0744069,0.001312
91,1.24523,0.0537348,0.001294
92,1.07225,0.0712368,0.001312
92,1.09596,0.0662303,0.001333
92,1.1574,0.0917343,0.00132
92,1.09388,0.0601908,0.001322
92,1.21832,0.0507743,0.00133
92,1.11717,0.0642687,0.001327
92,1.25961,0.0487194,0.00131
92,1.3773,0.0597465,0.001308
92,1.17037,0.0750239,0.001318
92,0.997911,0.0403014,0.001312
92,1.10922,0.0730443,0.001346
92,1.18059,0.0504204,0.001319
92,1.39109,0.101744,0.001306
92,1.1911,0.0573395,0.001313
92,1.06137,0.0472826,0.001304
92,1.42761,0.0563182,0.001348
92,1.34475,0.0563668,0.00131
92,1.28905,0.042862,0.00132
92,1.13804,0.0619582,0.001304
92,1.25675,0.0501517,0.001319
93,1.17271,0.064534,0.00134
93,1.22845,0.0472576,0.001347
93,1.42356,0.0493445,0.00135
93,1.07707,0.0506017,0.001339
93,1.17679,0.071791,0.00136
93,1.05397,0.0407768,0.00136
93,1.20933,0.0437159,0.001342
93,1.07468,0.0548954,0.001348
93,1.28738,0.056124,0.001354
93,1.05457,0.0379833,0.001351
93,1.25088,0.0587057,0.001342
93,1.30606,0.0438214,0.001359
93,1.16714,0.0457404,0.001366
93,1.24237,0.0385428,0.001341
93,1.29653,0.0564915,0.001352
93,1.16839,0.040815,0.001349
93,1.19538,0.0800243,0.001348
93,1.28876,0.0598851,0.001337
93,1.02824,0.0313426,0.001347
93,1.16036,0.0385746,0.001349
94,1.26179,0.0681163,0.001382
94,1.34688,0.0891994,0.001374
94,1.30285,0.0562035,0.001377
94,1.36656,0.0590709,0.001374
94,1.47652,0.0574504,0.001377
94,0.981862,0.0494818,0.001385
94,1.10576,0.0382086,0.001368
94,1.08136,0.0474086,0.001395
94,1.14703,0.0345232,0.001379
94,0.969647,0.051148,0.001369
94,1.21406,0.0531589,0.001374
94,1.21073,0.0562671,0.001387
94,1.19205,0.0443786,0.001382
94,1.0499,0.0521122,0.001372
94,1.27492,0.0669077,0.001394
94,1.18741,0.0405504,0.001381
94,1.20464,0.0544306,0.001381
94,1.31382,0.0605377,0.001381
94,1.35723,0.077029,0.001383
94,1.09481,0.0707528,0.001386
95,1.40619,0.0567407,0.001411
95,1.19229,0.0429095,0.001433
95,0.987158,0.0410696,0.001417
95,1.35439,0.0490593,0.001418
95,1.30184,0.073187,0.001412
95,1.30368,0.0489822,0.00144
95,1.17121,0.0579736,0.001406
95,0.988258,0.0563475,0.001433
95,1.05577,0.0489751,0.001414
95,1.11353,0.0374653,0.001401
95,1.20151,0.0361547,0.001412
95,1.17398,0.041359,0.00142
95,1.45821,0.0794011,0.001419
95,1.08512,0.0412056,0.001404
95,1.31464,0.0590539,0.00141
95,1.27522,0.0753708,0.001431
95,1.1796,0.0535205,0.001425
95,1.00736,0.0434009,0.001401
95,1.44873,0.0496537,0.001407
95,1.39966,0.0689195,0.001417
96,1.4389,0.0570889,0.001441
96,1.06746,0.0572078,0.001431
96,1.17632,0.0734359,0.001443
96,1.12129,0.0588833,0.00144
96,1.19129,0.0613069,0.001444
96,1.1437,0.0701304,0.00146
96,0.95269,0.0367683,0.001428
96,1.01424,0.0538786,0.001473
96,1.31921,0.0333659,0.001447
96,0.945857,0.0405789,0.001457
96,1.08835,0.0471593,0.001448
96,1.40057,0.0606665,0.001461
96,1.08894,0.0437069,0.001465
96,1.36116,0.0454111,0.00144
96,1.30248,0.0669501,0.001441
96,1.53022,0.0991411,0.001431
96,1.0375,0.0489748,0.00144
96,1.0112,0.0397739,0.001435
96,1.27856,0.0661613,0.001458
96,1.22706,0.0492375,0.001453
97,1.28672,0.0367592,0.001494
97,0.938739,0.0365873,0.001478
97,1.20694,0.0547566,0.001486
97,1.03608,0.048311,0.001493
97,1.40671,0.0586763,0.001478
97,1.07327,0.048195,0.001466
97,1.27787,0.0622815,0.001468
97,1.26465,0.0571968,0.001464
97,1.12266,0.0424851,0.001478
97,1.35441,0.0348486,0.001476
97,1.17997,0.0392914,0.001472
97,1.39688,0.0679471,0.001481
97,1.23603,0.0622017,0.001458
97,1.16331,0.0557662,0.001471
97,1.32486,0.0581485,0.001471
97,1.13034,0.0580617,0.001484
97,1.20894,0.0401907,0.001489
97,1.15036,0.0486166,0.001473
97,1.43968,0.0416654,0.001474
97,1.38575,0.0495229,0.001485
98,1.10475,0.070266,0.001529
98,1.05092,0.0360857,0.001525
98,1.26538,0.0587123,0.001501
98,1.30528,0.0494544,0.001528
98,1.15308,0.0426325,0.001501
98,1.3321,0.0417275,0.001558
98,1.28954,0.0396247,0.001508
98,1.09742,0.0490565,0.001507
98,1.33917,0.0466889,0.001509
98,1.23481,0.0539929,0.001513
98,1.0378,0.0420161,0.001506
98,1.17031,0.0597654,0.001505
98,1.20654,0.0716071,0.001506
98,1.36175,0.0639276,0.001499
98,1.13796,0.0544479,0.001527
98,1.4243,0.0583907,0.001506
98,1.06645,0.0353667,0.001524
98,1.42063,0.0685558,0.001507
98,1.2076,0.0514217,0.001547
98,1.17618,0.0571716,0.001514
99,1.11674,0.0867552,0.001546
99,1.08826,0.0587126,0.001546
99,1.14673,0.0460337,0.001563
99,1.16073,0.0639942,0.001538
99,1.26064,0.0612716,0.001556
99,1.16853,0.0424007,0.001539
99,1.24108,0.0486786,0.001541
99,1.30097,0.044127,0.001529
99,1.32007,0.0629138,0.001554
99,1.14182,0.0584948,0.001562
99,1.27412,0.0444053,0.001562
99,1.32731,0.0447245,0.001557
99,1.08714,0.0610757,0.001583
99,1.19561,0.0609385,0.001531
99,1.24107,0.0558645,0.001559
99,1.36468,0.0865058,0.001528
99,1.54132,0.0688699,0.001569
99,1.10518,0.0937613,0.001551
99,1.2115,0.0583399,0.001546
99,1.47968,0.0965234,0.001544
100,1.04982,0.0741265,0.001605
100,1.1219,0.0460357,0.001571
100,1.13625,0.0480186,0.001583
100,1.10651,0.0463003,0.001592
100,1.04764,0.0452281,0.001598
100,1.12457,0.0590544,0.001571
100,1.15688,0.0360114,0.001582
100,1.23975,0.0435378,0.0016
100,1.00844,0.0328365,0.001593
100,1.22059,0.0461573,0.001571
100,1.29976,0.0572703,0.001583
100,1.33685,0.0635705,0.001583
100,1.17616,0.0496559,0.001593
100,1.19134,0.0567291,0.001584
100,1.14638,0.0544465,0.001599
100,1.13005,0.0496919,0.001593
100,1.13769,0.0513334,0.001567
100,1.25804,0.0363143,0.001602
100,1.23578,0.0478725,0.001591
100,1.05351,0.0490687,0.001569
101,1.02759,0.0511559,0.001635
101,1.5144,0.0597731,0.001612
101,1.4064,0.083784,0.001619
101,0.987658,0.0347365,0.001618
101,1.36485,0.0656897,0.001616
101,1.32152,0.0673781,0.001622
101,1.14094,0.0544922,0.001616
101,1.19645,0.0416912,0.00161
101,0.972685,0.0432711,0.001607
101,1.30588,0.0683574,0.001611
101,1.04214,0.0683752,0.001621
101,1.16925,0.0435536,0.001602
101,1.28068,0.0492957,0.001597
101,1.33008,0.0616611,0.001639
101,1.33842,0.0548124,0.001613
101,1.00121,0.0469599,0.001663
101,1.1752,0.0426504,0.001598
101,1.58744,0.0540463,0.001608
101,1.12382,0.0415465,0.001601
101,1.02643,0.056648,0.001622
102,1.20156,0.0596035,0.001691
102,1.14903,0.0573907,0.001655
102,1.13418,0.0389819,0.001661
102,1.46071,0.0528217,0.001663
102,1.16744,0.0432635,0.001642
102,1.16292,0.0574949,0.00165
102,1.06703,0.0303566,0.001651
102,1.11915,0.0566626,0.001668
102,0.971561,0.0449872,0.00164
102,1.16735,0.0403522,0.001655
102,1.14024,0.0461378,0.001666
102,1.21815,0.0417076,0.001649
102,1.0997,0.0475127,0.001673
102,1.08787,0.0451193,0.001644
102,1.28213,0.0374457,0.001658
102,1.20331,0.0428574,0.001652
102,1.11206,0.042609,0.001662
102,1.07884,0.0370477,0.001654
102,1.31297,0.0464637,0.001649
102,1.06918,0.0412621,0.001654
103,1.37326,0.061432,0.001701
103,1.08843,0.0392206,0.001672
103,1.05791,0.0454937,0.001688
103,1.35961,0.0520273,0.001698
103,1.14013,0.0405169,0.001687
103,1.12414,0.0371349,0.001689
103,1.15576,0.0344797,0.001698
103,1.14644,0.0435582,0.001681
103,1.49035,0.0711263,0.001685
103,1.1609,0.0525385,0.00169
103,1.26827,0.05953,0.001678
103,1.18676,0.0412427,0.001699
103,1.15554,0.0407345,0.001672
103,1.28641,0.048946,0.001682
103,1.20957,0.0453843,0.001675
103,1.29633,0.0668055,0.001701
103,1.2202,0.0458547,0.001696
103,1.16371,0.0408023,0.001689
103,0.948852,0.0382685,0.001673
103,1.32867,0.0578245,0.001691
104,1.17852,0.0498868,0.001746
104,1.149,0.0479079,0.001714
104,1.15578,0.044842,0.00172
104,1.25917,0.0686005,0.001717
104,1.42893,0.0832439,0.001725
104,1.02065,0.0610615,0.001708
104,1.07393,0.0396103,0.001751
104,1.00102,0.0410421,0.001724
104,1.24398,0.0495353,0.001723
104,1.24512,0.0462862,0.001718
104,1.25837,0.0623186,0.001738
104,1.17346,0.0361201,0.001707
104,1.20755,0.0555444,0.001706
104,1.27019,0.0378962,0.001729
104,1.30971,0.0657853,0.001738
104,1.15148,0.0420312,0.001715
104,1.17356,0.0364756,0.001721
104,1.20923,0.0436422,0.001728
104,1.24747,0.0334952,0.001711
104,1.2421,0.0460367,0.00173
105,1.49594,0.0453068,0.001753
105,1.30121,0.0461107,0.001761
105,0.844605,0.0361403,0.001757
105,1.20771,0.0415599,0.001767
105,1.10717,0.0363831,0.00177
105,1.12487,0.0373163,0.001756
105,1.11283,0.0579555,0.001771
105,1.15411,0.0364675,0.001783
105,1.20885,0.0506586,0.001778
105,1.25078,0.057484,0.001819
105,1.17403,0.0458256,0.001756
105,1.1144,0.0402836,0.00177
105,1.23224,0.0458044,0.001764
105,1.03288,0.0500747,0.001761
105,1.33185,0.0464785,0.001747
105,1.31759,0.0435319,0.001753
105,1.13684,0.0461832,0.001742
105,1.16079,0.0775352,0.00178
105,1.10059,0.0560462,0.001794
105,1.36691,0.0485316,0.001751
106,1.08666,0.0648858,0.001826
106,1.17245,0.0416214,0.001789
106,1.08685,0.0479968,0.001778
106,1.44422,0.0565995,0.001786
106,1.08061,0.0429031,0.001828
106,1.26198,0.0658877,0.001795
106,1.18485,0.0501651,0.001793
106,1.16919,0.0576164,0.001807
106,1.2228,0.0478523,0.001772
106,1.21956,0.0653671,0.001778
106,1.19016,0.0710967,0.001791
106,1.14419,0.0332516,0.001797
106,1.20099,0.0430579,0.001825
106,1.13298,0.0331175,0.001807
106,1.14016,0.0447348,0.001802
106,1.36379,0.036429,0.001801
106,1.06717,0.0346298,0.001796
106,1.01196,0.0354617,0.00179
106,1.16958,0.0373907,0.001795
106,1.36275,0.0488955,0.001814
107,1.35155,0.0398322,0.001832
107,0.99118,0.0389462,0.001844
107,1.34319,0.0390174,0.001825
107,1.22397,0.0505552,0.001857
107,1.279,0.046855,0.001854
107,1.17302,0.0538594,0.001817
107,1.47826,0.0711889,0.001829
107,1.23604,0.0425485,0.001829
107,1.26001,0.0430534,0.001831
107,1.1357,0.0529527,0.001839
107,1.12793,0.0492802,0.001829
107,1.214,0.041631,0.001837
107,1.13051,0.0447665,0.001833
107,1.19801,0.0420696,0.001839
107,1.02079,0.029647,0.001835
107,1.13406,0.0368488,0.001831
107,1.20489,0.0332133,0.001832
107,1.06781,0.0558593,0.001828
107,1.36555,0.0718366,0.001825
107,1.1242,0.0479756,0.001846
108,1.15071,0.0519078,0.001897
108,1.51289,0.0882452,0.001884
108,0.937567,0.0254119,0.001852
108,1.07813,0.0306175,0.00187
108,1.16313,0.0340704,0.001876
108,0.961699,0.0465071,0.00187
108,1.21293,0.0513092,0.001875
108,1.22109,0.0600828,0.001873
108,1.10722,0.0360371,0.001868
108,1.35579,0.067105,0.00187
108,1.29532,0.0348086,0.001867
108,1.0444,0.0380383,0.001862
108,1.20763,0.0488255,0.001918
108,1.17465,0.0404396,0.001869
108,1.25781,0.0473151,0.001861
108,1.07152,0.040001,0.001892
108,1.1515,0.0436557,0.001855
108,1.22915,0.0562489,0.001877
108,1.1342,0.0305058,0.001877
108,1.33435,0.0596418,0.001855
109,1.30713,0.0604243,0.001911
109,1.09977,0.0422601,0.00192
109,1.3827,0.0513561,0.001914
109,1.27634,0.0510866,0.001904
109,1.30061,0.0427426,0.001895
109,1.18378,0.0409842,0.001933
109,1.09572,0.0401393,0.001909
109,1.14256,0.0393387,0.001893
109,1.35958,0.0482763,0.001913
109,1.17658,0.0537008,0.001903
109,1.44842,0.0634548,0.001923
109,1.09066,0.041488,0.001892
109,1.43187,0.0485897,0.00191
109,1.27364,0.0380366,0.001918
109,1.41481,0.0432067,0.001916
109,1.39087,0.0591869,0.001908
109,1.12946,0.039028,0.001897
109,1.02743,0.0322015,0.001897
109,1.12627,0.0415987,0.00191
109,1.01465,0.0373925,0.001923
110,1.15995,0.0294527,0.001946
110,1.11283,0.0396248,0.001951
110,1.44418,0.0365508,0.001955
110,1.11619,0.093293,0.001962
110,1.18734,0.0696403,0.001962
110,1.08575,0.0438053,0.001933
110,1.09035,0.0525725,0.001949
110,1.05346,0.0435471,0.001947
110,1.21212,0.0419426,0.001957
110,1.12351,0.0394818,0.001943
110,0.973567,0.0443503,0.001946
110,1.05453,0.0403277,0.001962
110,0.963677,0.0330453,0.001938
110,1.039,0.0316403,0.001943
110,1.04642,0.043163,0.001947
110,1.04141,0.0403111,0.001946
110,1.18043,0.0577927,0.001943
110,1.21445,0.0448972,0.001941
110,1.15457,0.0555599,0.001954
110,1.22203,0.0522399,0.001956
111,1.38773,0.0537699,0.001978
111,1.25642,0.0615837,0.001977
111,1.32337,0.049004,0.001997
111,1.21116,0.0462387,0.001998
111,1.08422,0.0475464,0.001987
111,1.07046,0.0374576,0.001974
111,1.18239,0.0432832,0.00199
111,1.22552,0.0336258,0.001993
111,1.14654,0.040009,0.001978
111,1.30137,0.0523726,0.001984
111,1.20516,0.0438995,0.002
111,1.41293,0.0516421,0.001966
111,1.26548,0.0433383,0.001994
111,1.30392,0.0636097,0.001995
111,1.29389,0.0432269,0.001978
111,1.20846,0.0356947,0.001995
111,1.36233,0.0476058,0.001958
111,1.21639,0.0397772,0.001968
111,1.01629,0.0532532,0.001997
111,0.907844,0.0363627,0.001983
112,1.10942,0.0375409,0.002063
112,1.23904,0.0498105,0.00207
112,1.20154,0.0440967,0.002041
112,1.06802,0.0361111,0.002059
112,1.03135,0.0351209,0.002066
112,1.26566,0.0467051,0.002051
112,1.07122,0.0350422,0.002045
112,1.19431,0.0480148,0.002058
112,1.33859,0.0505868,0.002046
112,1.23752,0.0435919,0.002059
112,1.09152,0.0316696,0.002033
112,1.16271,0.0685989,0.002059
112,1.21871,0.0330946,0.002066
112,0.912955,0.0481303,0.002085
112,1.38925,0.0508897,0.002066
112,1.09776,0.063377,0.002057
112,1.00783,0.042423,0.00206
112,0.876192,0.0282613,0.00207
112,1.07879,0.0414883,0.002066
112,1.37362,0.0394526,0.00205
113,1.20232,0.0334566,0.002107
113,1.28085,0.0662771,0.002109
113,1.10155,0.0532902,0.00209
113,1.25928,0.0381007,0.002106
113,1.11932,0.0397684,0.002112
113,1.23428,0.0408212,0.002093
113,1.12768,0.0362194,0.002109
113,1.14496,0.0404693,0.002107
113,1.10157,0.0570237,0.002094
113,1.08103,0.0457572,0.002096
113,1.42599,0.0618336,0.002134
113,1.2477,0.0433693,0.002077
113,1.24302,0.0352762,0.002097
113,1.12715,0.0638789,0.002116
113,1.19779,0.0350142,0.002093
113,1.04708,0.0487623,0.002082
113,1.49421,0.046654,0.002092
113,1.16962,0.0309849,0.002084
113,1.19718,0.0464144,0.002096
113,1.0154,0.0347693,0.002095
114,1.34852,0.0564311,0.002159
114,1.25137,0.0644151,0.002136
114,1.26624,0.0422705,0.002115
114,1.15763,0.0309715,0.00212
114,1.26099,0.0515964,0.002109
114,1.45732,0.0523434,0.002131
114,1.15774,0.041943,0.002145
114,1.00818,0.0316809,0.002118
114,0.959796,0.0357605,0.002124
114,1.38738,0.0737731,0.002122
114,1.27381,0.0416512,0.002127
114,1.28753,0.0434645,0.002136
114,0.98392,0.0454989,0.002136
114,1.11713,0.0419894,0.002123
114,1.19868,0.0365158,0.002144
114,1.23796,0.0693124,0.002124
114,1.33084,0.051851,0.002116
114,1.31925,0.0558927,0.002133
114,1.32545,0.0434965,0.00214
114,1.14333,0.0352566,0.002133
115,1.25497,0.0424389,0.002172
115,1.0352,0.0357171,0.002182
115,1.14901,0.0348737,0.002191
115,1.18471,0.0308561,0.002181
115,1.16096,0.0604117,0.002215
115,1.08855,0.0422524,0.002162
115,1.05792,0.0343148,0.002199
115,1.34204,0.0544829,0.002196
115,1.2053,0.0428321,0.002175
115,1.30162,0.0454946,0.002211
115,1.27014,0.0382761,0.002191
115,1.33496,0.0536209,0.002209
115,1.20173,0.0349111,0.00218
115,1.17325,0.0367512,0.00216
115,1.12187,0.0358074,0.002185
115,1.1789,0.0489924,0.002151
115,1.16532,0.0450678,0.002193
115,1.18268,0.048248,0.002183
115,1.2909,0.042791,0.002233
115,1.36924,0.0435378,0.002186
116,1.11935,0.0618637,0.00225
116,1.3225,0.0374293,0.002203
116,1.15663,0.0333236,0.002221
116,1.21185,0.0626465,0.002208
116,1.07433,0.0358081,0.002219
116,1.11535,0.0449166,0.002201
116,1.01905,0.0485407,0.002246
116,1.20012,0.0435181,0.002216
116,1.03857,0.033575,0.002192
116,1.33973,0.043693,0.00222
116,1.22679,0.0348768,0.002213
116,1.08436,0.0344302,0.002224
116,1.04435,0.0369549,0.002219
116,1.10094,0.0436661,0.002217
116,0.982936,0.0980767,0.002221
116,1.43215,0.0537006,0.002212
116,1.15759,0.0703564,0.002219
116,1.0799,0.0424348,0.002214
116,0.972802,0.0449138,0.002226
116,1.26241,0.0560639,0.002243
117,1.16608,0.0466774,0.002276
117,1.26491,0.0698115,0.002256
117,1.32289,0.047699,0.002258
117,1.12897,0.0520471,0.002258
117,1.23782,0.0566345,0.002304
117,1.33237,0.0710421,0.002268
117,1.35303,0.0291084,0.002248
117,1.21742,0.0535074,0.002259
117,1.07645,0.0470702,0.00228
117,1.23032,0.0530845,0.002242
117,1.32619,0.0485951,0.002255
117,1.16612,0.0499348,0.002283
117,1.36007,0.0352901,0.002239
117,1.1351,0.0553527,0.002255
117,1.19784,0.0420969,0.002276
117,1.18331,0.0518656,0.002261
117,1.06038,0.0485844,0.002257
117,1.06438,0.0442894,0.002288
117,1.30186,0.0483093,0.00226
117,1.12084,0.0666424,0.002279
118,1.09194,0.0337186,0.002296
118,1.41648,0.059669,0.002306
118,1.32707,0.0479948,0.002284
118,1.27607,0.0421973,0.002291
118,1.49091,0.0503886,0.002275
118,1.12019,0.0388183,0.002283
118,0.976871,0.0586054,0.002326
118,1.01349,0.0308717,0.002321
118,1.33681,0.0482162,0.002296
118,1.08859,0.0395616,0.002325
118,1.16576,0.0336882,0.002307
118,1.27682,0.03981,0.002287
118,1.42413,0.0418679,0.002302
118,1.14495,0.0441298,0.002292
118,0.917726,0.0357117,0.002278
118,0.97964,0.0315131,0.002318
118,1.3036,0.0443153,0.002314
118,1.21998,0.0544769,0.00231
118,0.98146,0.0614327,0.002284
118,1.11698,0.0326162,0.002308
119,1.09819,0.0423605,0.002332
119,1.1411,0.0391817,0.002333
119,1.04394,0.0532932,0.002334
119,1.09315,0.0355396,0.002333
119,1.31151,0.057566,0.00234
119,1.26278,0.0422027,0.002335
119,1.36956,0.0395429,0.002337
119,1.24917,0.0506291,0.002336
119,1.22541,0.0478463,0.002346
119,1.14926,0.0480726,0.002334
119,1.09601,0.0280314,0.002317
119,1.37646,0.0370085,0.002343
119,1.11015,0.0417808,0.002383
119,1.1212,0.0391834,0.002392
119,1.0695,0.0325781,0.002358
119,1.39737,0.0451295,0.002331
119,1.40471,0.0424137,0.002363
119,1.139,0.0385801,0.002321
119,1.30435,0.0496787,0.002329
119,1.23082,0.0426014,0.002378
120,1.32279,0.0330764,0.002443
120,1.30563,0.0421147,0.002402
120,1.29808,0.116318,0.002378
120,1.05441,0.0428788,0.002401
120,1.41094,0.0423792,0.002394
120,1.17248,0.0440517,0.002413
120,1.34745,0.0475032,0.002359
120,1.30336,0.0392937,0.00239
120,1.21386,0.0370762,0.0024
120,1.31994,0.041157,0.002394
120,1.22067,0.0417906,0.002379
120,1.18427,0.0486609,0.002385
120,1.12901,0.043003,0.002381
120,1.0881,0.0329747,0.002382
120,0.955704,0.0502216,0.002419
120,1.05222,0.0371568,0.002374
120,1.34672,0.0535034,0.002392
120,1.35787,0.0569394,0.002392
120,1.42678,0.0488121,0.002356
120,1.01526,0.0291096,0.002395
121,1.12153,0.0514774,0.002456
121,0.948617,0.0340758,0.002451
121,1.19681,0.0369519,0.00241
121,1.22015,0.0394391,0.002429
121,1.12745,0.0451175,0.002459
121,1.12326,0.0380174,0.002427
121,1.07211,0.0387204,0.002412
121,1.03784,0.0575657,0.002438
121,1.27767,0.0408938,0.002425
121,1.23878,0.0404628,0.002429
121,1.25544,0.0393447,0.002427
121,1.28132,0.047247,0.00244
121,1.46375,0.0578268,0.002416
121,1.45367,0.0633588,0.002456
121,1.57763,0.0641792,0.002414
121,1.30155,0.0509165,0.002427
121,1.26081,0.0639726,0.002435
121,1.1253,0.0359593,0.002443
121,1.06857,0.0397747,0.002436
121,1.37609,0.0566548,0.002415
122,1.27413,0.0472016,0.002466
122,1.14934,0.0383615,0.002478
122,1.13017,0.0298889,0.00254
122,1.18211,0.0364059,0.002487
122,1.00039,0.0369158,0.002483
122,1.11971,0.0343953,0.002457
122,1.26066,0.0413757,0.002486
122,1.12058,0.0471338,0.002468
122,1.15848,0.0356842,0.00248
122,1.4981,0.0568797,0.002459
122,1.20278,0.0441395,0.002463
122,1.23781,0.0408652,0.002465
122,1.44426,0.0601266,0.002498
122,1.38852,0.0401215,0.002486
122,1.11368,0.0461345,0.002476
122,1.19506,0.0339344,0.002464
122,1.4405,0.0468423,0.002501
122,1.01624,0.060328,0.002482
122,1.21639,0.0577979,0.002464
122,1.05761,0.0357923,0.002452
123,1.09788,0.0306646,0.00249
123,1.26956,0.0549972,0.002528
123,1.18239,0.0496645,0.002512
123,1.07124,0.0362919,0.002523
123,1.15746,0.045873,0.002523
123,1.30872,0.0560976,0.002503
123,1.41538,0.0419959,0.002509
123,1.12537,0.0381673,0.002504
123,1.05792,0.0319784,0.002511
123,1.29694,0.0374724,0.002513
123,1.24278,0.0337105,0.002525
123,1.02701,0.0357962,0.002504
123,1.14304,0.0516734,0.002522
123,0.996315,0.0318414,0.002496
123,1.31353,0.0485609,0.002537
123,1.07864,0.0359684,0.002543
123,1.07594,0.0306058,0.002513
123,1.10905,0.0361386,0.002502
123,1.07581,0.0395287,0.002536
123,1.09125,0.0230224,0.002524
124,1.14184,0.0536042,0.002552
124,1.01972,0.0396285,0.002567
124,1.17492,0.042097,0.002567
124,1.06443,0.0315437,0.002554
124,1.04264,0.0570363,0.002558
124,1.16523,0.0468741,0.002574
124,1.06254,0.0373264,0.002579
124,1.26447,0.0602734,0.002569
124,1.07341,0.0331127,0.002535
124,1.30744,0.0435209,0.002559
124,1.38745,0.0519362,0.002594
124,1.08273,0.0337707,0.002594
124,1.28065,0.0611728,0.002555
124,1.05624,0.0428951,0.002534
124,1.24166,0.0379177,0.002557
124,1.11542,0.0345122,0.002574
124,1.29357,0.0498311,0.002562
124,1.21084,0.0378177,0.002552
124,1.19201,0.0426331,0.002555
124,1.34097,0.0355784,0.002559
125,1.13939,0.0300888,0.002607
125,1.37739,0.0332999,0.002617
125,1.14906,0.0269683,0.002611
125,1.19988,0.0493967,0.002647
125,0.992495,0.0326556,0.002597
125,1.33311,0.0464216,0.00259
125,1.16591,0.0509834,0.002649
125,1.35206,0.0380388,0.002612
125,1.10928,0.0401134,0.002604
125,1.18745,0.0366445,0.002602
125,1.09295,0.035217,0.002615
125,1.19943,0.0634363,0.002597
125,1.20368,0.0332994,0.002635
125,1.27918,0.0461621,0.002609
125,1.23308,0.0600168,0.002624
125,1.3822,0.0454676,0.002601
125,1.07073,0.0433306,0.002623
125,1.28436,0.0392014,0.002642
125,1.2973,0.0525038,0.002604
125,1.21483,0.0386607,0.002597
126,1.25424,0.0359456,0.002686
126,1.19833,0.0419948,0.002656
126,1.39655,0.0535833,0.002666
126,1.17246,0.0367381,0.002642
126,1.10514,0.0356521,0.002728
126,1.31115,0.0452444,0.002657
126,1.1318,0.0449608,0.002638
126,1.01812,0.0387316,0.002671
126,1.26591,0.0361477,0.002661
126,1.38236,0.0461864,0.002661
126,1.21285,0.0413034,0.002679
126,1.18696,0.0521207,0.002705
126,1.17355,0.0424579,0.002661
126,1.28042,0.0454389,0.002662
126,1.17758,0.0386151,0.00263
126,1.05677,0.0355992,0.002636
126,1.1992,0.0402683,0.00266
126,1.1087,0.0458244,0.002679
126,1.20808,0.028557,0.00266
126,1.23017,0.0465322,0.00266
127,0.992759,0.0408854,0.00274
127,1.29302,0.0435247,0.002706
127,1.35355,0.0459015,0.00269
127,1.51299,0.044232,0.002704
127,1.27022,0.0473386,0.002711
127,1.08152,0.0349454,0.002692
127,1.47458,0.0391729,0.002728
127,1.17727,0.0358475,0.002686
127,1.06685,0.055368,0.002713
127,1.15234,0.0418428,0.002688
127,1.12693,0.0458363,0.002701
127,1.15748,0.0362252,0.002688
127,1.011,0.0300229,0.002724
127,1.24018,0.0456096,0.002714
127,1.07951,0.0321469,0.002721
127,1.06822,0.0335095,0.002714
127,1.20171,0.035383,0.00269
127,1.15423,0.0342033,0.002726
127,1.13262,0.0408983,0.002701
127,1.20578,0.0344889,0.002698
128,1.18053,0.0401245,0.00278
128,1.13347,0.0482244,0.002729
128,1.13926,0.0566851,0.00279
128,1.31663,0.0658351,0.002733
128,1.21696,0.0388409,0.002775
128,0.898952,0.0403221,0.002767
128,1.21805,0.0453062,0.002741
128,1.43051,0.0381741,0.002767
128,1.01328,0.0300088,0.00275
128,1.24554,0.034567,0.002738
128,1.23767,0.0497624,0.002736
128,0.959487,0.0538423,0.00281
128,1.35073,0.0449745,0.002757
128,1.23277,0.0431896,0.002745
128,1.01305,0.042998,0.002748
128,1.35951,0.0710604,0.002772
128,1.29849,0.0387491,0.002756
128,1.31187,0.065913,0.002741
128,1.09584,0.0354342,0.002746
128,1.10462,0.0290166,0.002737
129,1.06339,0.0288413,0.002794
129,1.30191,0.0498029,0.002786
129,1.21308,0.0556612,0.002796
129,1.20871,0.0383936,0.002752
129,1.17831,0.0481228,0.002765
129,1.33187,0.055819,0.002801
129,1.22192,0.0495329,0.002742
129,1.09081,0.0404133,0.002782
129,0.955517,0.0480328,0.002769
129,1.18969,0.039123,0.002756
129,1.22914,0.0375946,0.002775
129,0.99744,0.053332,0.002767
129,1.18764,0.0397122,0.002764
129,1.13752,0.0321043,0.002764
129,1.35937,0.0530848,0.002771
129,0.967638,0.0363961,0.002785
129,1.13348,0.0339801,0.002759
129,1.12517,0.0392822,0.002748
129,1.21619,0.0559667,0.002783
129,1.17612,0.039056,0.002767
130,1.19987,0.0368138,0.00282
130,1.10845,0.0350403,0.002816
130,1.06516,0.0240056,0.002827
130,1.32913,0.0469231,0.002838
130,1.32526,0.0320029,0.002799
130,1.09218,0.0374982,0.002792
130,1.2207,0.0349533,0.002792
130,1.2801,0.0504469,0.002829
130,1.09517,0.0516414,0.002809
130,0.9952,0.0363736,0.0028
130,1.16459,0.0377392,0.002812
130,1.25813,0.0437679,0.002797
130,1.13342,0.0572456,0.002825
130,1.38217,0.0537756,0.002814
130,1.06659,0.0364978,0.002827
130,1.31797,0.0351695,0.002809
130,1.17142,0.0460731,0.002795
130,1.22579,0.044108,0.00284
130,1.16304,0.034515,0.002829
130,1.42062,0.0418192,0.002835
131,1.16994,0.0453792,0.002862
131,1.15144,0.037363,0.002868
131,1.21226,0.0248333,0.002842
131,1.35027,0.0389084,0.002857
131,1.18081,0.0374738,0.002884
131,1.19248,0.0329536,0.002831
131,1.42858,0.0403702,0.002853
131,1.286,0.0440744,0.002871
131,1.2277,0.0362958,0.002872
131,1.28863,0.0406404,0.002867
131,1.13859,0.0430229,0.002883
131,1.23731,0.0750418,0.002865
131,1.25501,0.0360656,0.002865
131,1.1419,0.032987,0.002875
131,1.29362,0.0472909,0.002871
131,1.27833,0.0382287,0.002847
131,1.37078,0.0410717,0.002866
131,1.31363,0.0385827,0.002851
131,1.15148,0.0305935,0.002842
131,1.1553,0.0310431,0.002887
132,1.38491,0.0380668,0.00291
132,1.2598,0.0400626,0.002957
132,1.18808,0.0489514,0.002877
132,1.27101,0.0329358,0.002901
132,1.05994,0.0275752,0.002919
132,1.13639,0.036484,0.002908
132,1.13039,0.0480881,0.00292
132,1.18783,0.0333782,0.002906
132,1.14443,0.0424696,0.002923
132,1.26035,0.0458735,0.002943
132,1.25609,0.0377732,0.002903
132,1.27552,0.0546829,0.002909
132,1.15786,0.048898,0.002913
132,1.24618,0.05522,0.002898
132,1.03387,0.0260753,0.002921
132,1.1706,0.0303124,0.00293
132,1.09589,0.0306254,0.002917
132,1.08856,0.0261663,0.002916
132,1.19401,0.0371895,0.002924
132,1.23107,0.0395193,0.002918
133,1.23638,0.0536508,0.002953
133,1.30138,0.0391538,0.002943
133,1.35443,0.050554,0.003015
133,1.05576,0.0353362,0.002987
133,1.25889,0.0524315,0.002938
133,1.15445,0.0636757,0.002979
133,1.0957,0.0282264,0.002954
133,1.37067,0.0391639,0.002941
133,1.22478,0.0531803,0.002968
133,1.09222,0.0266458,0.002949
133,1.12259,0.030226,0.002944
133,1.20471,0.0440755,0.002949
133,1.25768,0.0541443,0.002934
133,1.34639,0.0369234,0.002959
133,1.20699,0.0292681,0.00296
133,1.3327,0.0401025,0.002963
133,1.20445,0.0404711,0.002985
133,1.42644,0.0364398,0.002954
133,1.35332,0.0424387,0.00297
133,1.21783,0.047204,0.002979
134,1.17875,0.0408953,0.003004
134,1.19557,0.0515923,0.003021
134,1.10264,0.0429816,0.003025
134,1.12215,0.0358393,0.002988
134,1.11327,0.0312589,0.003005
134,1.13133,0.050382,0.003016
134,1.18698,0.0421198,0.002984
134,1.10205,0.0296427,0.002993
134,1.2025,0.0396871,0.003014
134,1.19503,0.0341594,0.003001
134,1.05609,0.0342262,0.002996
134,1.11226,0.0475231,0.003008
134,1.12333,0.047729,0.003026
134,1.21106,0.0339055,0.002991
134,1.28715,0.0416455,0.00302
134,1.05594,0.0285426,0.003002
134,1.16987,0.0527183,0.003002
134,1.0961,0.0403429,0.003012
134,1.2965,0.0446031,0.002984
134,1.19796,0.0337442,0.003017
135,1.2799,0.0353111,0.003096
135,1.23998,0.0321074,0.003103
135,1.16287,0.0506756,0.003042
135,1.39411,0.0399365,0.003067
135,1.09421,0.0357188,0.003063
135,1.08373,0.0311043,0.003111
135,1.09209,0.0451239,0.003062
135,1.23903,0.0489573,0.003055
135,1.18576,0.0344037,0.003037
135,1.08949,0.0417411,0.003088
135,1.27187,0.0520253,0.003043
135,1.07764,0.0282883,0.003099
135,1.08813,0.0417749,0.003068
135,1.15016,0.0346809,0.00311
135,0.999531,0.0295227,0.003085
135,1.34546,0.044095,0.003068
135,1.1152,0.0333717,0.003043
135,1.16998,0.0359334,0.00307
135,1.42368,0.0561212,0.003098
135,1.14269,0.0447588,0.003057
136,1.32017,0.0395617,0.003121
136,1.22415,0.0342454,0.003095
136,0.970015,0.0341394,0.003122
136,1.04119,0.0316336,0.003098
136,1.25989,0.0319599,0.003093
136,1.04026,0.044638,0.003104
136,1.26671,0.0406149,0.00313
136,1.15944,0.0309538,0.00313
136,1.06159,0.0396511,0.003106
136,1.08749,0.0316934,0.003143
136,1.20751,0.0349155,0.003102
136,1.11194,0.0260238,0.003093
136,1.37804,0.0484205,0.003132
136,1.18588,0.062149,0.003114
136,1.13001,0.0395685,0.003107
136,1.24015,0.0441382,0.003109
136,1.21507,0.0374631,0.003099
136,1.14633,0.0349419,0.003096
136,1.45817,0.0357097,0.003115
136,0.917024,0.0399755,0.00313
137,1.31174,0.0369139,0.003169
137,1.19332,0.033097,0.003157
137,1.13951,0.0438816,0.003207
137,1.18313,0.0300289,0.003145
137,1.16954,0.0432703,0.003159
137,1.44652,0.0466209,0.003136
137,1.2037,0.0343416,0.003146
137,1.09556,0.0315566,0.003192
137,1.31145,0.0760543,0.003154
137,1.2199,0.0384299,0.003167
137,1.11949,0.0412762,0.00316
137,1.13091,0.0297841,0.003142
137,1.23543,0.039541,0.003163
137,0.99232,0.0334611,0.003151
137,1.15471,0.0346026,0.003151
137,1.17476,0.0329376,0.003174
137,1.2059,0.0390368,0.003136
137,1.12827,0.0430153,0.003178
137,1.17678,0.0395056,0.003148
137,1.18541,0.0308104,0.003172
138,1.13522,0.0339434,0.003208
138,1.07493,0.0323582,0.003216
138,1.13885,0.0385116,0.003212
138,1.34506,0.0372822,0.003224
138,1.25978,0.0407011,0.003193
138,1.15018,0.0303124,0.003183
138,1.09978,0.0364125,0.003203
138,1.17441,0.042217,0.003231
138,1.05237,0.0276751,0.00329
138,1.2031,0.0365881,0.003191
138,1.39265,0.0408668,0.003211
138,1.23486,0.0396111,0.003244
138,1.30403,0.0662758,0.003244
138,1.19801,0.0515898,0.003203
138,1.18901,0.0554298,0.003206
138,1.43569,0.047691,0.00319
138,1.26061,0.0533088,0.003188
138,1.35178,0.0439794,0.003228
138,1.16931,0.033206,0.003206
138,1.05312,0.0442046,0.003217
139,1.35644,0.0320747,0.003245
139,1.22105,0.0358936,0.003243
139,1.26447,0.0546382,0.003248
139,1.05076,0.033749,0.003272
139,1.44062,0.0630519,0.00327
139,1.17364,0.0374253,0.003246
139,1.42568,0.0381123,0.00327
139,1.1023,0.0264833,0.003236
139,1.10739,0.0371956,0.003231
139,1.35386,0.032952,0.003268
139,1.39893,0.0302298,0.003251
139,1.41581,0.0377795,0.003255
139,1.22858,0.0385934,0.003282
139,1.2529,0.0331485,0.003288
139,1.16698,0.0373203,0.003277
139,1.16116,0.0411764,0.003284
139,1.11766,0.049235,0.003283
139,1.30952,0.0314224,0.003243
139,1.25526,0.0310631,0.003274
139,1.40249,0.0540904,0.003231
140,1.1393,0.0533864,0.003333
140,1.17766,0.0476859,0.003303
140,1.32763,0.0374825,0.003294
140,0.994868,0.0246137,0.003293
140,1.3164,0.0430463,0.003316
140,1.42433,0.0416442,0.00331
140,1.18151,0.0350696,0.003313
140,1.20402,0.0517986,0.003341
140,1.31413,0.0449343,0.003281
140,1.23911,0.0289551,0.003291
140,1.18374,0.0292441,0.003293
140,1.01709,0.0286251,0.003355
140,1.28497,0.0364001,0.003303
140,1.03118,0.0331071,0.0033
140,1.12644,0.0319188,0.003303
140,1.19718,0.0452598,0.003329
140,1.30723,0.0480193,0.003337
140,1.22907,0.0242115,0.003342
140,1.2137,0.0312673,0.003315
140,1.26032,0.039675,0.003321
141,1.22244,0.0363329,0.003381
141,1.11004,0.0428639,0.0034
141,1.05479,0.0429062,0.003399
141,1.06921,0.0368483,0.003426
141,1.22073,0.0630374,0.003371
141,1.30282,0.046966,0.003371
141,1.36316,0.0467475,0.003405
141,0.969024,0.0327287,0.003371
141,1.04507,0.0269438,0.003358
141,1.0796,0.0330261,0.003415
141,1.14874,0.0435899,0.003352
141,1.12931,0.0289691,0.00336
141,1.1549,0.0497727,0.003359
141,1.093,0.0409043,0.00339
141,1.325,0.0424651,0.003363
141,1.01995,0.0303287,0.003382
141,1.27817,0.0418295,0.003415
141,1.08054,0.0240047,0.003342
141,1.16007,0.0316714,0.003421
141,1.27194,0.0348352,0.003384
142,1.26184,0.0292129,0.003457
142,1.12996,0.0341272,0.003467
142,1.18892,0.0388321,0.003411
142,1.0819,0.0372696,0.00339
142,1.40704,0.0348607,0.003395
142,1.38932,0.0416466,0.003409
142,1.19543,0.034149,0.003466
142,1.31678,0.0313745,0.00343
142,1.2225,0.0512554,0.003447
142,1.05192,0.0313704,0.003415
142,1.22203,0.037928,0.003426
142,1.20157,0.0387733,0.003408
142,1.33624,0.0362909,0.003451
142,1.21586,0.0489926,0.003406
142,1.26029,0.0407288,0.003399
142,1.30578,0.0298329,0.003417
142,1.35059,0.0393374,0.003405
142,1.32446,0.0396056,0.0034
142,1.24146,0.0435926,0.003434
142,1.04848,0.0281887,0.003403
143,1.04567,0.0295002,0.003474
143,1.2593,0.0353052,0.003466
143,1.11524,0.0360132,0.003458
143,1.25718,0.0624113,0.003463
143,1.26976,0.0334734,0.003473
143,1.38278,0.0579937,0.003488
143,1.24398,0.0367183,0.003478
143,1.12623,0.0321437,0.003466
143,1.2178,0.0315486,0.003455
143,1.1321,0.0482736,0.003461
143,1.26751,0.0534906,0.003461
143,1.3055,0.0552751,0.003451
143,1.18666,0.0396364,0.003507
143,1.13035,0.0430692,0.003499
143,1.12917,0.0271101,0.003445
143,1.19332,0.0361951,0.003477
143,1.25628,0.0389438,0.003526
143,1.14345,0.0392507,0.003481
143,1.20037,0.0388533,0.003478
143,0.928584,0.0239876,0.003485
144,1.05421,0.0221071,0.003529
144,1.09629,0.0333089,0.003536
144,1.28644,0.0401391,0.003501
144,1.04164,0.0289704,0.003629
144,1.11614,0.0352893,0.003489
144,1.35107,0.0486095,0.003556
144,1.14353,0.0457942,0.003526
144,1.36972,0.0479871,0.003511
144,1.12911,0.0306286,0.003548
144,1.11447,0.0335284,0.003512
144,1.20687,0.0330915,0.003512
144,1.45549,0.0505453,0.003577
144,1.23941,0.0371509,0.003537
144,1.21792,0.0325701,0.003517
144,1.27187,0.0338639,0.003555
144,1.28156,0.0356239,0.003552
144,1.08386,0.0319786,0.003528
144,1.18502,0.0392659,0.003553
144,1.2418,0.031946,0.003541
144,1.31228,0.0504768,0.003527
145,1.13359,0.0405477,0.003563
145,1.22549,0.0380476,0.003562
145,1.1558,0.0413939,0.003579
145,1.54001,0.048286,0.003574
145,1.22188,0.0391217,0.003548
145,1.08387,0.0609191,0.00354
145,1.2929,0.0359338,0.003635
145,1.27758,0.0433545,0.003588
145,1.17351,0.0327481,0.003565
145,1.27129,0.0310234,0.003593
145,1.04746,0.024606,0.003588
145,1.39207,0.0425302,0.003583
145,1.10126,0.0329494,0.003582
145,1.43177,0.0432047,0.003607
145,1.15063,0.0474519,0.003564
145,1.34922,0.0426154,0.00361
145,1.0975,0.0388025,0.003657
145,1.25519,0.034682,0.003576
145,1.42503,0.038735,0.003552
145,1.36465,0.0506756,0.003552
146,1.03881,0.037447,0.003639
146,1.19359,0.0314266,0.003616
146,1.07891,0.0349967,0.00364
146,1.06266,0.0266706,0.003646
146,1.15081,0.0325734,0.003601
146,1.22164,0.0442726,0.00369
146,1.41346,0.0540641,0.00361
146,1.26536,0.0559323,0.003644
146,1.13028,0.0327899,0.003613
146,1.25555,0.0349841,0.003652
146,1.3201,0.0363391,0.003619
146,1.38304,0.035915,0.003603
146,1.2221,0.0407062,0.003617
146,1.08299,0.041281,0.003618
146,0.948255,0.0284176,0.003632
146,1.06855,0.0316287,0.003651
146,1.02806,0.0303102,0.003628
146,1.28924,0.0310904,0.0036
146,1.35115,0.039447,0.003612
146,1.23768,0.030082,0.003663
147,1.32284,0.0340209,0.003708
147,1.23404,0.0299213,0.003763
147,1.32148,0.0449017,0.003678
147,1.18741,0.0295965,0.003666
147,1.24225,0.0301243,0.003717
147,1.1751,0.0323038,0.003688
147,1.3826,0.0406155,0.00366
147,1.26182,0.029795,0.003702
147,1.26887,0.031805,0.00367
147,1.13483,0.0307128,0.003677
147,1.24729,0.031223,0.003676
147,1.29126,0.0411716,0.0037
147,1.19842,0.0453899,0.003665
147,1.25593,0.0518299,0.003668
147,1.36536,0.0434487,0.0037
147,1.30041,0.0312354,0.003675
147,1.03108,0.0348015,0.003685
147,1.28123,0.0342958,0.003675
147,1.11695,0.0459261,0.003656
147,1.20205,0.0288662,0.003695
148,1.17729,0.0500785,0.003753
148,1.13841,0.0312431,0.003728
148,0.991246,0.0262607,0.003744
148,1.22525,0.0399851,0.00375
148,1.07856,0.0305683,0.003766
148,1.22632,0.0500435,0.003724
148,1.29457,0.0317421,0.003763
148,1.30578,0.0327336,0.003748
148,1.21182,0.0342541,0.003754
148,1.31472,0.0412488,0.003794
148,1.11518,0.0404568,0.003719
148,1.39122,0.0377317,0.003723
148,1.22191,0.0327157,0.003788
148,0.951841,0.030252,0.003748
148,1.14171,0.0400471,0.003763
148,1.37847,0.0372059,0.00374
148,1.1499,0.0367048,0.00375
148,1.13981,0.0334362,0.003712
148,1.27553,0.0441311,0.003756
148,1.14379,0.0271644,0.003789
149,1.06567,0.0331083,0.003809
149,1.17854,0.0698578,0.003757
149,1.1397,0.0454994,0.003804
149,1.30948,0.0478218,0.00381
149,1.12481,0.0409024,0.003809
149,1.15989,0.0342053,0.003806
149,1.06372,0.0409606,0.003754
149,1.15787,0.0345372,0.003828
149,1.03144,0.0293244,0.003882
149,1.15912,0.0305566,0.003783
149,1.32092,0.0415836,0.003784
149,1.20038,0.0698654,0.003796
149,1.02425,0.0233668,0.003791
149,1.28361,0.0299647,0.003789
149,1.25831,0.058724,0.003788
149,1.37219,0.0296984,0.003791
149,1.21499,0.0368669,0.003794
149,1.15643,0.0421503,0.003835
149,1.29373,0.036962,0.003772
149,1.30019,0.0380486,0.00377
150,1.13785,0.0269843,0.00386
150,1.15243,0.0506545,0.003857
150,1.38231,0.0472621,0.003858
150,1.36291,0.0543772,0.003919
150,1.27535,0.0391481,0.003868
150,1.27975,0.0361671,0.003881
150,0.998997,0.0299079,0.003871
150,1.15787,0.0296193,0.003846
150,1.29254,0.033748,0.003845
150,1.16937,0.0362921,0.003845
150,1.13263,0.0329758,0.00385
150,1.25306,0.0367066,0.003844
150,1.318,0.053834,0.00385
150,1.10488,0.0298631,0.003859
150,1.16549,0.0432891,0.003839
150,1.2753,0.0478255,0.003841
150,1.2431,0.0285571,0.003868
150,1.20469,0.0370807,0.003854
150,1.24366,0.0337183,0.003829
150,1.13158,0.0370968,0.003831
151,1.15153,0.0282469,0.003909
151,0.978418,0.0419364,0.003936
151,1.14959,0.0348343,0.003894
151,1.14445,0.0308474,0.003919
151,1.33431,0.0448494,0.003922
151,1.10534,0.0392266,0.003932
151,1.18366,0.0434585,0.003912
151,1.20647,0.060789,0.003915
151,1.21452,0.0464283,0.003904
151,1.06382,0.023039,0.003879
151,1.11273,0.0382472,0.003904
151,1.44261,0.0554751,0.003912
151,1.15503,0.0344813,0.003912
151,1.12997,0.0293872,0.003877
151,1.40949,0.038555,0.003914
151,0.988665,0.0240651,0.003883
151,1.28706,0.0480549,0.003908
151,1.05011,0.027,0.003913
151,1.178,0.029071,0.003894
151,1.34445,0.0416688,0.003952
152,1.24272,0.0263495,0.00396
152,0.992136,0.0313734,0.003963
152,1.03005,0.034203,0.00398
152,1.29098,0.0397022,0.00398
152,1.31155,0.0287896,0.003952
152,1.1874,0.0436039,0.003954
152,1.25661,0.0407496,0.00395
152,1.0612,0.0244042,0.003925
152,1.04861,0.0344719,0.003956
152,1.12421,0.0299087,0.003999
152,1.09382,0.0557727,0.003972
152,1.07326,0.0403889,0.003947
152,1.13782,0.0301578,0.003966
152,1.10658,0.0288868,0.003976
152,1.14263,0.0482142,0.003959
152,0.979846,0.0311848,0.003997
152,0.972249,0.0259958,0.003949
152,1.36399,0.0393238,0.003983
152,1.24414,0.0622989,0.003951
152,0.933435,0.0270733,0.003967
153,1.22679,0.0407771,0.004046
153,1.1281,0.0344552,0.003995
153,1.12253,0.0319127,0.004022
153,1.25489,0.0313127,0.004029
153,1.04707,0.0295142,0.004038
153,1.51369,0.0465831,0.004031
153,1.10781,0.022517,0.004025
153,1.11666,0.0308287,0.004022
153,1.25443,0.0500942,0.004022
153,1.25558,0.0297205,0.003989
153,1.12875,0.039203,0.004022
153,1.29271,0.0361698,0.00403
153,1.18258,0.0247761,0.004051
153,1.21358,0.0420105,0.004047
153,1.01091,0.0406111,0.003987
153,1.22214,0.0481695,0.003993
153,1.22518,0.0345663,0.004021
153,1.34807,0.0393227,0.004001
153,1.03387,0.0367628,0.004027
153,1.16286,0.0354787,0.004015
154,1.08012,0.046609,0.004083
154,1.34177,0.0338786,0.004061
154,1.23127,0.0375659,0.00414
154,1.11909,0.0362854,0.004078
154,1.06468,0.024712,0.004069
154,1.27393,0.0339731,0.004006
154,1.18786,0.0293566,0.004041
154,1.14677,0.029729,0.004018
154,1.12473,0.0307061,0.004027
154,1.01494,0.0330432,0.004014
154,1.12549,0.0345936,0.003993
154,1.06157,0.0282697,0.004032
154,1.26162,0.0311177,0.004034
154,1.13817,0.0319895,0.003979
154,1.23956,0.0431014,0.003958
154,1.19049,0.0289228,0.003957
154,1.05141,0.0287395,0.003953
154,1.16227,0.0279443,0.003972
154,1.11821,0.0354338,0.00392
154,0.951533,0.022053,0.003945
155,1.18769,0.0284077,0.003935
155,1.49178,0.0369203,0.003978
155,1.10094,0.0257258,0.00394
155,1.20553,0.0390088,0.00394
155,1.24477,0.0504474,0.003992
155,1.15441,0.0209283,0.003904
155,1.02015,0.0316095,0.003909
155,1.2821,0.0601965,0.003903
155,1.20498,0.0526539,0.003925
155,1.29314,0.0337818,0.003879
155,1.19679,0.0403908,0.003865
155,1.22059,0.0321809,0.003876
155,1.25659,0.0472305,0.00389
155,1.30534,0.0306643,0.003863
155,1.13581,0.0254262,0.003865
155,1.40042,0.0409612,0.003862
155,1.12909,0.0276543,0.003908
155,1.18732,0.0450267,0.003872
155,1.12385,0.031848,0.003806
155,1.26132,0.0294762,0.003835
156,1.13779,0.0282269,0.003827
156,1.31673,0.032261,0.003849
156,1.3925,0.0367603,0.003803
156,1.24473,0.0567873,0.003814
156,1.11507,0.0337625,0.003822
156,1.31836,0.032862,0.003872
156,1.22747,0.0299943,0.003808
156,1.32324,0.0281677,0.003775
156,1.21661,0.027934,0.0038
156,1.25667,0.0316703,0.003833
156,1.07129,0.0517637,0.003725
156,1.22021,0.0484597,0.003804
156,1.03792,0.035474,0.00376
156,1.31488,0.0426347,0.003723
156,1.21049,0.0298118,0.003743
156,1.27491,0.0354668,0.003714
156,1.04338,0.0223371,0.003736
156,1.21758,0.0382404,0.003686
156,1.09659,0.0372344,0.003667
156,1.26468,0.0320901,0.003684
157,1.10966,0.0367281,0.003738
157,1.01836,0.0270959,0.003715
157,1.3367,0.0362145,0.003747
157,1.1922,0.0331234,0.003702
157,1.11866,0.0307228,0.003665
157,1.21629,0.0468672,0.003669
157,1.04165,0.0367957,0.003667
157,1.20426,0.0396322,0.003677
157,1.22275,0.0450508,0.003677
157,1.11498,0.0348232,0.003632
157,1.19351,0.033932,0.003608
157,1.21179,0.0406492,0.003648
157,1.18738,0.026955,0.003635
157,1.25301,0.0324766,0.003625
157,1.31238,0.0391691,0.003593
157,1.1556,0.0326503,0.003678
157,1.12769,0.032257,0.003588
157,1.06601,0.0342196,0.003579
157,1.46597,0.0362258,0.00358
157,1.29952,0.0312447,0.003556
158,1.12168,0.025095,0.003609
158,1.27969,0.0425004,0.003628
158,1.29707,0.0453547,0.003615
158,1.25022,0.02881,0.00361
158,1.05344,0.0245113,0.003589
158,1.15259,0.0309721,0.003584
158,1.08143,0.0312086,0.003578
158,1.34916,0.0238405,0.003545
158,1.23385,0.0301102,0.003581
158,1.22683,0.037922,0.003544
158,1.22749,0.0342639,0.003545
158,1.29401,0.0332305,0.003517
158,1.04657,0.026323,0.00354
158,1.21517,0.053914,0.003587
158,1.17631,0.0291067,0.003568
158,1.1548,0.0273629,0.003504
158,1.19816,0.0302929,0.003526
158,1.26639,0.0498748,0.003529
158,1.16479,0.0289855,0.003469
158,1.02038,0.032719,0.003474
159,1.25938,0.0361493,0.003553
159,1.28915,0.0423703,0.003523
159,1.18905,0.0341866,0.003514
159,1.07011,0.0310549,0.003477
159,1.25606,0.0370414,0.00353
159,1.1242,0.033332,0.00346
159,1.18084,0.0405902,0.003476
159,1.21336,0.0377629,0.003487
159,1.23418,0.0357122,0.003463
159,1.27054,0.0376653,0.003469
159,1.02092,0.0339538,0.003463
159,1.09463,0.0264525,0.003436
159,1.20261,0.0418518,0.003431
159,1.25905,0.0313678,0.003447
159,1.13776,0.0263103,0.003485
159,1.32485,0.0330738,0.003423
159,1.15372,0.0418509,0.003393
159,1.34472,0.0427165,0.003398
159,1.12985,0.0289393,0.003436
159,1.11225,0.0366711,0.0034
160,1.0196,0.0282217,0.003441
160,1.24043,0.0295845,0.003471
160,1.02328,0.0276286,0.003499
160,1.21237,0.0268958,0.003415
160,1.15652,0.0453151,0.003409
160,1.19374,0.0390904,0.003429
160,1.1858,0.0269473,0.003398
160,1.26294,0.0333561,0.003423
160,1.25105,0.0406982,0.003354
160,1.18131,0.0369932,0.003407
160,1.07291,0.0345167,0.003365
160,1.05706,0.0338816,0.003379
160,1.12824,0.0314186,0.003365
160,1.20814,0.0329154,0.003373
160,1.10554,0.0239168,0.003398
160,1.27555,0.0512691,0.003357
160,1.23436,0.0395068,0.003351
160,1.09343,0.0271721,0.003328
160,1.07574,0.0232352,0.003349
160,1.18798,0.0304033,0.003335
161,1.06441,0.0216497,0.003368
161,1.21455,0.0310791,0.00335
161,1.12185,0.0282304,0.003355
161,1.1544,0.0272846,0.003333
161,1.10471,0.0253753,0.003344
161,1.19585,0.0409036,0.003328
161,1.09379,0.0303321,0.003337
161,1.21238,0.03974,0.003319
161,1.12304,0.0215834,0.003332
161,1.25186,0.0525444,0.003293
161,1.25848,0.0258566,0.003284
161,1.10335,0.0253824,0.003282
161,1.03825,0.0317954,0.003275
161,1.39815,0.039088,0.003252
161,1.22031,0.0353282,0.003256
161,1.04614,0.0276826,0.003232
161,1.18991,0.0299599,0.003244
161,1.25616,0.0297322,0.003274
161,1.17757,0.0360477,0.003231
161,1.34521,0.0396812,0.003243
162,1.15738,0.04766,0.003289
162,1.24062,0.0459705,0.00326
162,1.21854,0.0424837,0.003309
162,1.25712,0.0348943,0.00327
162,1.25969,0.0282483,0.00332
162,1.10613,0.0325658,0.003241
162,1.11975,0.0314575,0.00324
162,1.20309,0.0414043,0.003234
162,1.1042,0.0284967,0.00325
162,1.30239,0.0284371,0.00322
162,1.23119,0.0307212,0.003226
162,1.03752,0.0322557,0.003227
162,1.2364,0.0324274,0.003226
162,1.11446,0.0361347,0.003195
162,1.2953,0.0322304,0.00324
162,1.19786,0.037084,0.003193
162,1.13839,0.0463204,0.003179
162,1.23298,0.031588,0.003152
162,1.25667,0.0280566,0.003203
162,1.19122,0.0295809,0.003183
163,1.36772,0.0337215,0.003197
163,1.23866,0.0353342,0.003224
163,1.28229,0.0383254,0.003181
163,1.28241,0.0329988,0.003182
163,1.37058,0.0402801,0.003207
163,1.029,0.0323178,0.003223
163,1.17991,0.0307574,0.003195
163,1.1735,0.0388625,0.003181
163,1.16639,0.0269773,0.003174
163,1.08716,0.0388754,0.003171
163,1.13311,0.0295176,0.003174
163,1.13942,0.0372121,0.003173
163,1.25522,0.0290275,0.003179
163,1.16307,0.0313594,0.003155
163,1.06944,0.0387093,0.00317
163,1.22707,0.031669,0.003126
163,1.29751,0.0293727,0.003107
163,1.02514,0.0316988,0.003115
163,1.11474,0.0434382,0.003127
163,1.19346,0.0438806,0.00313
164,1.30713,0.0338489,0.003157
164,1.21768,0.0310586,0.003142
164,1.20648,0.0357665,0.003139
164,1.18656,0.0303503,0.003116
164,1.05536,0.041687,0.003107
164,1.21873,0.0321109,0.003163
164,1.23722,0.0393215,0.003123
164,1.24218,0.0365368,0.003094
164,1.21558,0.0337572,0.003127
164,1.2492,0.0349745,0.003099
164,1.18555,0.0313872,0.003217
164,1.16258,0.0307318,0.003118
164,1.23844,0.0307196,0.003112
164,1.14185,0.0310193,0.003114
164,1.06323,0.033322,0.003105
164,1.07382,0.0223818,0.003042
164,1.19772,0.028513,0.003069
164,1.12737,0.0329491,0.003065
164,1.19212,0.0453947,0.003049
164,1.44861,0.0435393,0.003073
165,1.19668,0.047294,0.003066
165,1.28808,0.0479397,0.00308
165,1.11838,0.0422676,0.003086
165,1.16633,0.0402082,0.00314
165,1.17445,0.0439656,0.003092
165,1.13817,0.0348114,0.003042
165,1.29159,0.0286013,0.003062
165,1.18136,0.0302673,0.003056
165,1.1588,0.0288125,0.00302
165,1.3165,0.0360053,0.003034
165,1.0923,0.0410283,0.003032
165,1.38839,0.0243231,0.003043
165,1.26896,0.027878,0.003025
165,1.29307,0.0364946,0.003036
165,1.13561,0.0316268,0.003006
165,1.14588,0.0291339,0.003024
165,1.0422,0.0408378,0.003007
165,1.03112,0.024704,0.003031
165,1.22892,0.0336034,0.003023
165,1.34119,0.038119,0.003054
166,1.24335,0.0410371,0.00303
166,1.26273,0.0398832,0.003016
166,1.24136,0.0319296,0.003057
166,0.91282,0.0223073,0.002997
166,1.14982,0.0252209,0.003015
166,1.16721,0.0445793,0.003018
166,1.4136,0.041223,0.002999
166,1.01515,0.0236127,0.002994
166,1.3281,0.0340937,0.003
166,1.3069,0.0334141,0.002991
166,1.23489,0.0276195,0.002987
166,1.16907,0.0264125,0.002993
166,1.26066,0.0360027,0.002995
166,1.02684,0.0298689,0.002979
166,1.1807,0.0425158,0.00295
166,1.05708,0.0431976,0.002971
166,1.16269,0.0435821,0.002979
166,1.37502,0.0353686,0.00295
166,1.26503,0.0280105,0.002984
166,1.15636,0.0360305,0.002959
167,1.1592,0.029039,0.003006
167,1.1605,0.0324574,0.002988
167,1.19684,0.0289203,0.002969
167,1.44402,0.0383966,0.003009
167,1.4275,0.0392667,0.002978
167,0.989557,0.0226437,0.002951
167,1.21524,0.0302658,0.002947
167,1.12356,0.0293614,0.002972
167,1.19334,0.0261965,0.002974
167,1.28364,0.0290113,0.003014
167,1.04768,0.022037,0.003029
167,1.18378,0.0555598,0.003043
167,1.31381,0.0382065,0.00306
167,1.23538,0.0297676,0.003028
167,1.20351,0.0316869,0.003002
167,1.33744,0.0336426,0.003006
167,1.29966,0.0325632,0.003012
167,1.21839,0.0272031,0.003005
167,0.988021,0.0212574,0.003034
167,1.33161,0.0350491,0.003008
168,1.25008,0.0307293,0.00306
168,1.06333,0.037254,0.003037
168,1.14749,0.0388112,0.003022
168,1.13866,0.0463609,0.003083
168,1.10124,0.024916,0.00309
168,1.02576,0.0338567,0.003046
168,1.03462,0.0340526,0.003023
168,1.27049,0.0310196,0.003051
168,1.33728,0.0287516,0.00304
168,1.24849,0.0340029,0.003017
168,1.11619,0.0269842,0.003038
168,1.42227,0.0370023,0.003087
168,1.23602,0.0264794,0.003038
168,1.31874,0.0355504,0.003056
168,1.16909,0.0248279,0.003095
168,1.23366,0.0353611,0.003012
168,1.2149,0.0445694,0.003041
168,1.26525,0.0268782,0.003071
168,1.28284,0.0420808,0.003106
168,1.15356,0.0258463,0.003062
169,1.17506,0.0302945,0.003092
169,1.11225,0.029827,0.003087
169,1.11313,0.0335029,0.00311
169,1.16256,0.0401488,0.003112
169,1.15881,0.0378976,0.0031
169,1.40517,0.0298827,0.003123
169,1.03437,0.0290524,0.003126
169,1.10055,0.0284475,0.003148
169,1.04801,0.0239427,0.003118
169,1.19617,0.0284184,0.003208
169,1.16499,0.0260157,0.003093
169,1.37209,0.0341615,0.0031
169,1.19867,0.0310886,0.003116
169,1.18367,0.0271178,0.003133
169,1.15443,0.0404603,0.003112
169,1.36406,0.0363837,0.003105
169,1.30449,0.0349684,0.003105
169,1.18964,0.0276811,0.003092
169,1.10978,0.0258039,0.003098
169,1.54005,0.0456671,0.003097
170,1.10242,0.0310176,0.00318
170,1.23991,0.0430502,0.003172
170,1.21206,0.0362786,0.003189
170,1.26717,0.0280799,0.003166
170,1.26299,0.0392484,0.003174
170,1.16805,0.0303916,0.003182
170,1.17415,0.0316103,0.003158
170,1.1736,0.028491,0.003209
170,1.25792,0.0404616,0.003201
170,1.27615,0.035177,0.003214
170,1.11386,0.0243059,0.003201
170,1.30555,0.0521616,0.003221
170,1.30842,0.0267181,0.003186
170,1.25137,0.0325829,0.003253
170,1.23647,0.0276496,0.003186
170,1.04109,0.0508177,0.00315
170,1.39686,0.0463996,0.003186
170,1.201,0.0338869,0.00321
170,1.01401,0.0220936,0.003196
170,1.1335,0.032631,0.003177
171,1.31458,0.0483088,0.00322
171,1.21488,0.0234266,0.003199
171,1.10947,0.0298589,0.00322
171,1.25825,0.0418837,0.003229
171,1.08074,0.062956,0.003205
171,1.31454,0.0420516,0.003233
171,1.33985,0.0406686,0.003271
171,1.18478,0.0278253,0.003202
171,1.16152,0.0324849,0.003226
171,1.31488,0.0338102,0.003343
171,1.03517,0.0228144,0.003227
171,1.40305,0.0276627,0.003208
171,1.33172,0.0378143,0.003256
171,1.29364,0.0326411,0.003201
171,1.33582,0.0457356,0.003238
171,1.11616,0.0312507,0.003233
171,1.08797,0.0279264,0.003224
171,1.29481,0.0240662,0.003244
171,1.14326,0.0299856,0.003196
171,1.2909,0.0307395,0.003273
172,1.17673,0.0352915,0.003296
172,1.18683,0.0224458,0.003262
172,1.26498,0.0347073,0.003215
172,1.07685,0.021125,0.003265
172,1.04451,0.0252599,0.003237
172,1.31781,0.0456563,0.003229
172,1.27346,0.0354266,0.003274
172,1.26493,0.0261017,0.003268
172,1.16536,0.0436131,0.003324
172,1.32783,0.0479451,0.003273
172,1.31864,0.0256767,0.003266
172,1.09362,0.0289942,0.003259
172,1.01778,0.0310667,0.003256
172,1.1012,0.0285394,0.003304
172,1.20304,0.0308852,0.003275
172,1.28614,0.040371,0.003252
172,1.21807,0.0266437,0.003277
172,1.00913,0.0261127,0.003241
172,1.0575,0.0214006,0.00326
172,1.26717,0.0333421,0.003238
173,1.2102,0.0427556,0.003403
173,1.10121,0.0234495,0.003295
173,1.18807,0.0304122,0.003303
173,1.16185,0.0295713,0.003237
173,1.16002,0.0427966,0.003277
173,1.29825,0.0276976,0.003327
173,1.16361,0.0321328,0.003344
173,1.0879,0.0324368,0.003331
173,1.19424,0.0295427,0.003359
173,1.3727,0.0279488,0.003355
173,1.24608,0.0399674,0.003335
173,1.3142,0.031857,0.00327
173,1.1112,0.0260562,0.003322
173,1.01978,0.0265618,0.003316
173,1.08037,0.0214471,0.003327
173,1.25007,0.028802,0.003292
173,1.28784,0.0271164,0.00331
173,1.13075,0.0274565,0.003287
173,1.16673,0.0383557,0.003314
173,1.45796,0.0357923,0.003307
174,1.07612,0.0323367,0.003349
174,1.31103,0.0376929,0.003354
174,1.1831,0.0262124,0.003361
174,1.20301,0.0415274,0.003344
174,1.33316,0.046057,0.003307
174,1.10815,0.0480434,0.003379
174,1.32981,0.0297628,0.00333
174,1.31762,0.0400737,0.003326
174,1.09476,0.0415085,0.003316
174,1.38748,0.032003,0.003329
174,1.06064,0.026076,0.003355
174,1.35051,0.0341942,0.003359
174,1.22945,0.0444646,0.003358
174,1.28099,0.032988,0.003324
174,1.02086,0.0224614,0.003414
174,1.26067,0.0376733,0.003375
174,1.24618,0.0347458,0.003368
174,1.25723,0.0304529,0.003349
174,1.23498,0.0391216,0.003402
174,1.22775,0.0384809,0.003298
175,1.23324,0.03029,0.003381
175,1.30559,0.0247216,0.003368
175,1.04249,0.028833,0.003404
175,1.17949,0.0443828,0.00337
175,1.20155,0.0325222,0.003369
175,1.18552,0.0327043,0.003395
175,1.11847,0.0304689,0.003376
175,1.16275,0.0302133,0.00339
175,1.31213,0.0380761,0.00341
175,1.05268,0.0498843,0.003376
175,1.11174,0.0241534,0.003387
175,1.11482,0.0335315,0.003389
175,1.11446,0.0332531,0.0034
175,1.07377,0.0249193,0.003408
175,1.21982,0.0347629,0.003378
175,1.12084,0.0246377,0.003423
175,1.31538,0.0311987,0.003411
175,1.31011,0.0347375,0.003414
175,1.18565,0.0359992,0.00338
175,1.31415,0.0505804,0.00339
176,1.16081,0.0267975,0.00344
176,1.3508,0.028523,0.003459
176,1.49506,0.0322355,0.003394
176,1.32943,0.0374537,0.003458
176,1.31953,0.0361573,0.003435
176,1.18596,0.0285654,0.003445
176,1.35665,0.0333065,0.003415
176,1.28994,0.0312737,0.003446
176,1.18755,0.026652,0.003417
176,1.10965,0.0273097,0.003476
176,1.17823,0.0325111,0.003454
176,1.35377,0.0415426,0.00344
176,1.21254,0.0354237,0.003449
176,1.1929,0.0332857,0.003463
176,1.24084,0.0330127,0.00345
176,0.952053,0.0265549,0.003423
176,1.23921,0.0277782,0.003428
176,1.42822,0.0466579,0.00342
176,1.15124,0.0290781,0.003485
176,1.18565,0.0290636,0.003454
177,1.29781,0.0336798,0.003523
177,0.950439,0.0213806,0.003471
177,1.22118,0.0247363,0.00345
177,1.2545,0.0354583,0.00347
177,1.24727,0.0279848,0.003462
177,1.12469,0.0239574,0.003453
177,1.35833,0.0317498,0.003447
177,1.09987,0.0393,0.003493
177,1.06955,0.0266332,0.003502
177,1.14598,0.0288755,0.003483
177,1.20342,0.0281934,0.003518
177,1.18347,0.0336096,0.003491
177,1.35425,0.0272589,0.003491
177,1.14819,0.0355905,0.003506
177,1.14044,0.0311949,0.003527
177,1.08463,0.0345631,0.003509
177,1.15667,0.0251676,0.003493
177,1.1157,0.0202692,0.003464
177,1.14574,0.0400973,0.003484
177,1.12244,0.0295385,0.003475
178,1.36354,0.0373465,0.00353
178,1.26839,0.0351132,0.00351
178,1.08653,0.0408383,0.003519
178,1.19982,0.0276788,0.003573
178,1.31787,0.04659,0.003541
178,1.03815,0.0289518,0.003526
178,1.31248,0.0437203,0.003552
178,1.24434,0.0311024,0.003518
178,1.16942,0.0377413,0.003519
178,1.109,0.0285335,0.003551
178,1.2738,0.0388021,0.003528
178,1.15634,0.0293937,0.003526
178,1.29356,0.0311641,0.003555
178,1.15583,0.039555,0.003522
178,1.10853,0.0281472,0.003522
178,1.2312,0.0288197,0.003503
178,1.02869,0.0276704,0.003536
178,1.10463,0.023056,0.003516
178,1.1615,0.0215007,0.003547
178,1.1712,0.0308453,0.00347
179,1.14747,0.0366146,0.003593
179,1.05136,0.0244181,0.003597
179,1.23194,0.030453,0.0036
179,1.24519,0.0260787,0.003541
179,1.15828,0.0419547,0.00358
179,1.1016,0.0259031,0.00358
179,1.19023,0.0310382,0.003547
179,1.30577,0.034098,0.003562
179,1.38833,0.0344623,0.003594
179,1.2087,0.040008,0.003654
179,1.26821,0.043681,0.0036
179,1.12638,0.0230026,0.003629
179,1.13063,0.039944,0.003657
179,1.25826,0.0430131,0.003617
179,1.20414,0.0422206,0.003616
179,1.27169,0.0277893,0.003607
179,1.21931,0.0255904,0.003613
179,1.2014,0.0308573,0.003607
179,1.1641,0.0296189,0.003599
179,1.39227,0.0439344,0.003606
180,1.09446,0.0397199,0.003709
180,1.1648,0.0245463,0.003684
180,1.15436,0.0297916,0.003654
180,1.29022,0.0310176,0.003631
180,1.20766,0.027133,0.003647
180,1.04596,0.0238563,0.003631
180,1.33354,0.0376105,0.00378
180,1.24448,0.0345693,0.00361
180,1.19529,0.0286157,0.003644
180,1.12731,0.0264049,0.003648
180,1.25113,0.0360356,0.003607
180,1.23069,0.0285184,0.00368
180,1.147,0.0253305,0.003592
180,1.27026,0.0369063,0.003624
180,1.10815,0.0296261,0.003707
180,1.13883,0.0283442,0.003626
180,1.18009,0.0255195,0.003636
180,1.25911,0.0294719,0.00361
180,1.1934,0.0318976,0.003666
180,1.16986,0.0386229,0.003609
181,1.0366,0.0271297,0.00365
181,1.222,0.0500015,0.003691
181,1.21188,0.0226547,0.003613
181,1.08701,0.0243392,0.003693
181,1.23461,0.0259888,0.003625
181,1.01649,0.0326321,0.003739
181,1.26761,0.0326569,0.00365
181,1.15815,0.0290288,0.003723
181,1.33048,0.030364,0.003629
181,1.23544,0.0296744,0.003657
181,1.28734,0.049109,0.003645
181,1.16491,0.0236324,0.003659
181,1.16587,0.0293002,0.003653
181,1.1425,0.0339144,0.003717
181,1.19586,0.0428359,0.003681
181,1.16337,0.0356269,0.003644
181,1.29574,0.028578,0.003652
181,1.30244,0.0236643,0.003648
181,1.21745,0.037538,0.003718
181,1.35063,0.0306354,0.003648
182,1.24338,0.031098,0.003698
182,1.15141,0.032959,0.00368
182,1.17389,0.026324,0.003635
182,1.24694,0.046283,0.003643
182,1.18459,0.0216181,0.003675
182,1.2269,0.0325349,0.003661
182,1.14758,0.0292426,0.003684
182,1.09712,0.0319249,0.003664
182,1.29638,0.0376031,0.003652
182,1.17277,0.0427364,0.003692
182,1.38692,0.0485716,0.003699
182,1.10417,0.0253659,0.003721
182,1.22485,0.0391781,0.003699
182,1.45075,0.0405038,0.003679
182,1.2682,0.0332422,0.003696
182,1.19889,0.0361994,0.003677
182,1.15032,0.0327702,0.003716
182,1.41175,0.0521528,0.003706
182,1.27831,0.028616,0.003659
182,1.18922,0.0210376,0.003645
183,1.29362,0.0285567,0.003721
183,1.12351,0.0253368,0.003716
183,1.49604,0.0373083,0.003749
183,1.14439,0.0368368,0.003707
183,1.17582,0.0288439,0.003719
183,1.06818,0.0224981,0.003744
183,1.27991,0.0261786,0.003702
183,1.22547,0.0321952,0.003733
183,1.04751,0.0277763,0.003732
183,1.38867,0.0348697,0.003708
183,1.21861,0.0334249,0.00379
183,1.12919,0.0239651,0.003764
183,1.11697,0.0351456,0.00377
183,1.1827,0.034835,0.003738
183,1.07798,0.0311644,0.0037
183,1.1674,0.0268239,0.003716
183,1.16854,0.0252291,0.003716
183,1.16926,0.0241562,0.003719
183,1.46008,0.0269304,0.003724
183,1.07856,0.0284524,0.003699
184,1.16858,0.0214182,0.003797
184,1.2331,0.0356692,0.003694
184,1.16856,0.0285862,0.003742
184,1.18866,0.0309,0.003777
184,1.16324,0.0342815,0.003781
184,1.14012,0.0285209,0.003722
184,1.12919,0.0266818,0.003748
184,1.11834,0.0300841,0.003785
184,1.19061,0.0238759,0.003737
184,1.1973,0.0343305,0.003715
184,1.30323,0.0219128,0.003719
184,1.27915,0.02708,0.003793
184,1.10052,0.0343113,0.003752
184,1.3111,0.0339257,0.003772
184,1.28785,0.0233127,0.00374
184,1.26333,0.0247564,0.003807
184,1.23232,0.0286696,0.003823
184,1.16571,0.0249266,0.003749
184,1.20091,0.0288047,0.00373
184,1.23613,0.0385385,0.003821
185,1.18224,0.0318572,0.003756
185,1.23167,0.0284412,0.003863
185,1.39451,0.0436047,0.003771
185,1.25084,0.0344081,0.003786
185,1.24509,0.0328945,0.003751
185,1.11713,0.0274119,0.003768
185,1.17982,0.031726,0.003808
185,1.29428,0.0403048,0.003784
185,1.01469,0.0302859,0.003793
185,1.19963,0.0565308,0.003793
185,1.16236,0.0357658,0.003778
185,1.32732,0.0307821,0.003802
185,1.11353,0.0207127,0.003822
185,1.27885,0.029035,0.003798
185,0.970868,0.0368516,0.003816
185,1.25697,0.0338386,0.003833
185,1.24513,0.0313103,0.003806
185,1.20413,0.0269855,0.003788
185,1.37954,0.0339045,0.003801
185,1.02973,0.0302664,0.003804
186,1.17776,0.0264599,0.003811
186,1.20428,0.0233318,0.003845
186,1.12932,0.0292622,0.003851
186,1.11331,0.0267823,0.003834
186,1.2636,0.0375743,0.003839
186,1.16874,0.0379473,0.003876
186,1.15958,0.0209951,0.003837
186,1.11079,0.020387,0.003834
186,1.33554,0.0391856,0.003856
186,1.2844,0.028482,0.003846
186,1.20585,0.0330651,0.003861
186,1.1193,0.0350013,0.003829
186,1.1649,0.0351652,0.00387
186,1.22122,0.0383566,0.003912
186,1.13861,0.0276381,0.00407
186,1.05003,0.0260068,0.004121
186,1.29031,0.0333294,0.004184
186,1.23808,0.0350173,0.003956
186,1.14205,0.0328969,0.003976
186,1.04141,0.0305752,0.003965
187,1.04147,0.0238055,0.004004
187,1.19552,0.0289523,0.004069
187,1.22961,0.0395553,0.004078
187,1.22407,0.0251028,0.004087
187,1.30778,0.0372501,0.004211
187,1.07344,0.0351229,0.004126
187,1.2588,0.0443461,0.004133
187,1.10889,0.0312742,0.004119
187,1.09766,0.021768,0.004159
187,1.11446,0.0542396,0.004109
187,1.20651,0.0238658,0.004049
187,1.19553,0.0320637,0.004043
187,1.29021,0.0309206,0.004033
187,1.16013,0.0272575,0.004043
187,1.15493,0.025512,0.003974
187,1.15957,0.0277777,0.003979
187,1.20001,0.0264222,0.003935
187,1.03161,0.023215,0.003958
187,1.3006,0.0285138,0.003934
187,1.3482,0.0359925,0.003923
188,1.25375,0.0255284,0.003924
188,1.08071,0.0269777,0.003997
188,1.32888,0.034073,0.00398
188,1.04414,0.0193516,0.003963
188,1.2391,0.0264136,0.003973
188,1.0249,0.0330657,0.004001
188,1.09082,0.0199939,0.003981
188,0.976315,0.0301387,0.004036
188,1.12415,0.0222275,0.004013
188,1.1767,0.0285464,0.00397
188,1.32591,0.0274616,0.004035
188,1.29052,0.0387813,0.004109
188,1.12057,0.0287678,0.003979
188,1.4017,0.0372353,0.004008
188,1.14324,0.0377745,0.004022
188,1.1856,0.0322307,0.003962
188,1.10586,0.0238769,0.003964
188,1.09514,0.0247409,0.004003
188,1.03666,0.019366,0.003978
188,1.12042,0.0283156,0.003973
189,1.32533,0.022639,0.004088
189,1.15612,0.0335669,0.003977
189,1.10764,0.0314133,0.004011
189,1.09447,0.0338825,0.00399
189,1.16458,0.0338738,0.004023
189,1.3129,0.0315275,0.004024
189,1.23256,0.0265944,0.004011
189,1.48121,0.0309637,0.00402
189,1.15037,0.0409902,0.004023
189,1.26328,0.0346653,0.004022
189,1.33418,0.0541629,0.003997
189,1.30675,0.0257244,0.004037
189,1.0827,0.0273529,0.004024
189,1.12791,0.0321243,0.004068
189,1.31977,0.0262431,0.004016
189,1.17378,0.0378343,0.004015
189,1.15414,0.0267264,0.004017
189,1.14156,0.0313227,0.003975
189,1.22779,0.0309334,0.003971
189,1.14927,0.0260607,0.004024
190,1.30857,0.0312436,0.003999
190,1.3,0.0353079,0.004017
190,1.20281,0.019695,0.004007
190,1.23879,0.0419912,0.004069
190,1.1391,0.0226461,0.004047
190,1.17809,0.0302919,0.004037
190,1.10443,0.0309996,0.004102
190,1.46487,0.0262019,0.004081
190,1.03719,0.0266835,0.004079
190,1.18543,0.0283755,0.004074
190,0.964623,0.021743,0.00407
190,1.2958,0.0356636,0.004068
190,1.02668,0.03049,0.004055
190,1.01203,0.0341771,0.004037
190,1.17728,0.0280537,0.00403
190,1.38854,0.039515,0.004048
190,1.2849,0.0370536,0.004047
190,1.3697,0.0432757,0.004038
190,1.24446,0.0287799,0.004098
190,1.22333,0.0452427,0.004062
191,1.27296,0.0340508,0.004063
191,1.27503,0.0275431,0.004103
191,1.18079,0.0228891,0.004119
191,1.08105,0.026128,0.004121
191,1.03792,0.0210913,0.00413
191,1.32292,0.0288868,0.004104
191,1.03881,0.028062,0.004093
191,1.15488,0.0236965,0.004129
191,1.24678,0.0299754,0.004064
191,1.22386,0.0281735,0.00415
191,1.3103,0.0264059,0.004139
191,0.94996,0.0168217,0.004109
191,1.08101,0.0299264,0.004117
191,1.19858,0.0307885,0.004125
191,1.21675,0.0269342,0.004068
191,1.1921,0.0264846,0.004113
191,1.2071,0.0258207,0.004074
191,1.14373,0.0298022,0.004087
191,1.2062,0.0316617,0.004203
191,1.23466,0.0243636,0.004051
192,1.11645,0.0320814,0.004097
192,1.10664,0.0502592,0.00414
192,1.21337,0.0446175,0.004105
192,1.05164,0.0241364,0.004131
192,1.1463,0.0232018,0.004132
192,1.20589,0.0261333,0.004126
192,1.25705,0.0324381,0.004178
192,1.15936,0.0281736,0.00419
192,1.13826,0.0260226,0.004191
192,1.09035,0.0283625,0.004191
192,1.08116,0.0293724,0.004172
192,1.33834,0.0347243,0.004165
192,1.11125,0.0334236,0.004141
192,1.12796,0.0337443,0.00414
192,1.07627,0.0341686,0.004165
192,1.21148,0.022085,0.004186
192,1.27181,0.0303839,0.004169
192,1.23464,0.0307614,0.004158
192,1.30074,0.0281515,0.004109
192,1.20494,0.0343213,0.004227
193,1.16387,0.0223946,0.00416
193,1.40366,0.0371497,0.004157
193,1.17353,0.0242624,0.004199
193,1.23289,0.0277706,0.004256
193,1.31179,0.0307943,0.004158
193,1.19111,0.0294006,0.00417
193,1.20891,0.0302541,0.004203
193,1.05177,0.0297091,0.004304
193,1.2395,0.0252667,0.004241
193,1.18197,0.0265168,0.004216
193,1.15226,0.0339236,0.004208
193,1.20211,0.0270018,0.004321
193,0.979311,0.0215522,0.004234
193,1.30143,0.0306563,0.004343
193,1.15925,0.0430641,0.004255
193,1.17775,0.0246119,0.00428
193,1.33209,0.0379336,0.004195
193,1.039,0.0238053,0.004176
193,1.34178,0.0303333,0.004212
193,1.08532,0.0250467,0.004215
194,1.14362,0.0294657,0.004193
194,1.25003,0.0246095,0.004228
194,1.37836,0.0297978,0.004194
194,1.10269,0.0330672,0.004183
194,1.27252,0.0297092,0.004264
194,1.06988,0.0203346,0.004189
194,1.17254,0.0261208,0.004216
194,1.13709,0.0220348,0.004234
194,1.14464,0.0242077,0.004197
194,1.2408,0.0251047,0.004283
194,1.08359,0.0258527,0.004263
194,1.30785,0.0243345,0.004247
194,1.33165,0.0303481,0.004207
194,1.18893,0.0362601,0.004259
194,1.2132,0.0239668,0.004203
194,1.07788,0.0287857,0.004201
194,1.28302,0.0396131,0.004221
194,1.17083,0.0306447,0.004234
194,1.20329,0.0253162,0.004197
194,1.08964,0.021966,0.004235
195,1.22346,0.0309156,0.004254
195,1.15218,0.0235922,0.004237
195,1.09684,0.0197288,0.004223
195,1.28773,0.0397992,0.004286
195,1.16553,0.0206146,0.004268
195,1.08218,0.0224409,0.00429
195,1.0684,0.0221196,0.004289
195,1.0904,0.0352585,0.0043
195,1.30639,0.0277644,0.004253
195,1.24166,0.026654,0.004266
195,1.23935,0.0266944,0.004338
195,1.26501,0.0291395,0.004276
195,1.13464,0.0358337,0.00436
195,1.22083,0.0294215,0.0043
195,1.13018,0.0334304,0.004271
195,1.02104,0.0276122,0.004291
195,1.21748,0.03255,0.004331
195,1.20427,0.0287432,0.004296
195,1.28719,0.0270987,0.004335
195,1.30701,0.0331648,0.004294
196,1.27465,0.026074,0.004311
196,1.3687,0.0275679,0.004312
196,1.14794,0.0212112,0.004334
196,1.25845,0.0207007,0.004333
196,1.21766,0.0308813,0.004367
196,1.20922,0.0221996,0.004325
196,1.29602,0.0293128,0.004362
196,1.24794,0.0250664,0.004298
196,1.25722,0.036838,0.004304
196,1.10316,0.025313,0.004314
196,1.18043,0.0340478,0.004346
196,1.23251,0.0273656,0.00433
196,1.16452,0.0218744,0.004322
196,1.24539,0.0298917,0.004311
196,1.10061,0.0273268,0.004314
196,1.17829,0.026505,0.004318
196,1.10318,0.0242872,0.004283
196,1.41003,0.0413244,0.004329
196,1.23449,0.0330665,0.004335
196,1.3649,0.0237905,0.004337
197,1.1903,0.0316219,0.004343
197,1.13163,0.0287315,0.004332
197,1.24288,0.0249753,0.004325
197,1.09596,0.0271676,0.004342
197,1.17735,0.0271174,0.004376
197,1.26256,0.0383092,0.004395
197,1.13632,0.0263681,0.004411
197,1.10442,0.0319151,0.004369
197,1.26966,0.0287543,0.004346
197,1.08725,0.0286242,0.00438
197,1.15418,0.0235588,0.004423
197,1.12995,0.0255637,0.004413
197,1.10678,0.0295023,0.004407
197,1.2096,0.0291099,0.004375
197,0.987425,0.0266132,0.004358
197,1.20006,0.0327219,0.00441
197,1.15925,0.030345,0.004373
197,1.27644,0.0261053,0.004392
197,1.07486,0.0197776,0.004333
197,1.23275,0.030839,0.004423
198,1.28657,0.0383916,0.004394
198,1.20228,0.054025,0.004411
198,1.10019,0.0228581,0.004386
198,1.09211,0.0501178,0.004404
198,1.10577,0.0429872,0.00437
198,1.18718,0.0209224,0.004423
198,1.19881,0.0212882,0.004432
198,1.28831,0.0402347,0.004535
198,1.36152,0.0502468,0.004436
198,1.20459,0.0266418,0.004454
198,1.19923,0.034268,0.004439
198,1.21209,0.0419543,0.004485
198,1.07984,0.029782,0.004458
198,1.08102,0.0232949,0.004423
198,1.27012,0.0206317,0.004432
198,1.32384,0.0277404,0.004413
198,1.10989,0.0246992,0.004427
198,1.24896,0.0263597,0.004418
198,1.17359,0.0224908,0.004421
198,1.19063,0.0313954,0.004385
199,1.22394,0.0325067,0.004477
199,1.2159,0.0258764,0.004424
199,1.21422,0.0294864,0.004471
199,1.11121,0.0353888,0.004486
199,1.01953,0.019788,0.004513
199,1.27802,0.0264183,0.004493
199,1.1402,0.0236963,0.004483
199,1.15115,0.0218263,0.004527
199,0.999617,0.0314359,0.004551
199,1.19463,0.0355817,0.004503
199,1.26731,0.0296715,0.004505
199,1.07609,0.0228342,0.004499
199,1.3221,0.0290966,0.004572
199,1.29832,0.0337609,0.004526
199,1.15241,0.035746,0.044897
199,1.17783,0.0363879,0.044365
199,1.18953,0.025798,0.044658
199,1.22781,0.0250848,0.044556
199,1.17753,0.026089,0.04458
199,1.11537,0.0286363,0.044611
200,1.09108,0.0184001,0.04509
200,1.24181,0.025887,0.044839
200,1.15882,0.0325531,0.045597
200,1.23697,0.036196,0.045042
200,1.29015,0.0490096,0.045143
200,1.25262,0.0439527,0.045639
200,1.07025,0.0243691,0.044876
200,1.18268,0.0255316,0.04506
200,1.08989,0.0366667,0.044877
200,1.31771,0.0296022,0.045462
200,1.08483,0.026226,0.045044
200,1.24911,0.0309634,0.045349
200,1.23628,0.0246066,0.045597
200,1.26625,0.0287281,0.044989
200,1.17777,0.0333726,0.045758
200,1.09612,0.0286673,0.044821
200,1.12607,0.030848,0.044978
200,1.1229,0.0273581,0.045167
200,1.16062,0.0293735,0.045047
200,1.17795,0.0315632,0.045619
201,1.40484,0.0284666,0.045919
201,1.32866,0.0271559,0.045647
201,1.37116,0.0339994,0.046255
201,1.08859,0.0262238,0.045826
201,1.31423,0.0257366,0.045418
201,1.16421,0.0323034,0.045327
201,1.20087,0.0249308,0.045779
201,1.26472,0.0325329,0.046038
201,1.27472,0.0294191,0.045337
201,1.35401,0.0365229,0.045805
201,1.28562,0.022796,0.045391
201,1.24945,0.0324751,0.045654
201,1.07588,0.0305031,0.045534
201,1.41723,0.0423987,0.045945
201,1.09629,0.0227607,0.045361
201,1.06975,0.0339364,0.045592
201,1.08042,0.0285824,0.045246
201,1.13971,0.0235918,0.045794
201,1.24873,0.0321123,0.045466
201,1.18615,0.0268302,0.045414
202,1.19444,0.0263323,0.046225
202,1.2991,0.0349363,0.045985
202,1.4041,0.0263562,0.045964
202,1.15242,0.0277448,0.046186
202,1.34812,0.0309896,0.046634
202,1.09534,0.0366828,0.04611
202,1.20515,0.0248561,0.045992
202,1.36468,0.0275177,0.045759
202,1.50765,0.0335224,0.045871
202,1.31148,0.0214009,0.045797
202,1.22668,0.0279989,0.04639
202,1.18091,0.0265345,0.045827
202,1.31125,0.0435503,0.046386
202,1.19421,0.0210731,0.046276
202,1.16394,0.0228082,0.046093
202,1.2118,0.0273857,0.046307
202,1.26395,0.0320202,0.045899
202,1.02717,0.0409999,0.046108
202,1.21502,0.0280386,0.045716
202,1.23652,0.0232272,0.045858
203,1.08413,0.043674,0.046609
203,1.13819,0.0278415,0.046423
203,1.42727,0.029294,0.04642
203,1.25782,0.0239962,0.047149
203,1.24138,0.0275538,0.046207
203,1.16526,0.0312548,0.046191
203,1.15063,0.0256843,0.046119
203,1.14428,0.0241111,0.04708
203,1.27675,0.0230145,0.046369
203,1.2579,0.0215556,0.0464
203,1.11571,0.0386638,0.046353
203,1.10655,0.0298932,0.046518
203,1.12885,0.0213128,0.046247
203,1.1891,0.0241113,0.046199
203,1.42733,0.0255517,0.046458
203,1.33675,0.0325269,0.046372
203,1.21152,0.0366986,0.046147
203,1.24875,0.0276222,0.046953
203,1.35381,0.0254084,0.046985
203,1.24869,0.0260188,0.04742
204,1.27429,0.0275734,0.046876
204,1.30716,0.0223138,0.043217
204,1.19742,0.0271765,0.007656
204,1.20843,0.0246682,0.004975
204,1.17804,0.0213255,0.004502
204,1.32315,0.01884,0.004518
204,1.20832,0.0217256,0.004531
204,1.13582,0.0213743,0.004515
204,1.14033,0.0280165,0.004691
204,1.17001,0.0343719,0.004529
204,1.0936,0.0376053,0.004573
204,1.23662,0.0419267,0.004583
204,1.3576,0.0305346,0.004565
204,1.12486,0.020932,0.004666
204,1.1985,0.0187855,0.004601
204,1.23152,0.0332416,0.004611
204,1.26553,0.0266344,0.004563
204,1.20047,0.0377225,0.004581
204,1.11311,0.0243297,0.004608
204,1.28597,0.022129,0.004622
205,1.34952,0.0536727,0.004748
205,1.25859,0.0336818,0.004699
205,1.45409,0.041438,0.004708
205,1.20253,0.031988,0.004693
205,1.12218,0.0274791,0.004697
205,1.22774,0.0341375,0.004752
205,1.3151,0.0295535,0.004732
205,1.03994,0.0264167,0.004767
205,1.24258,0.0503213,0.004659
205,1.39679,0.0304195,0.004714
205,1.06227,0.0188727,0.004698
205,1.14199,0.0293032,0.004746
205,1.29556,0.036561,0.004684
205,1.16997,0.025439,0.004709
205,1.14335,0.0359165,0.004653
205,1.21432,0.027973,0.004684
205,1.41326,0.024976,0.004664
205,1.22181,0.0299639,0.004607
205,1.04183,0.0200166,0.004667
205,1.30443,0.0333301,0.004651
206,1.31583,0.0370883,0.004773
206,1.12061,0.0255276,0.004743
206,1.17192,0.0273271,0.004707
206,1.25963,0.0452512,0.004731
206,1.20417,0.0329474,0.004748
206,1.03484,0.0221807,0.004775
206,1.13234,0.0216185,0.004832
206,1.26429,0.035956,0.004796
206,1.09434,0.031269,0.004786
206,1.36715,0.0713437,0.0048
206,1.08984,0.0211284,0.004781
206,1.24052,0.0285182,0.004781
206,1.09427,0.0304495,0.004807
206,1.10347,0.029438,0.004772
206,1.26938,0.0276609,0.004752
206,1.39433,0.0271067,0.004726
206,1.27066,0.0238743,0.004804
206,1.1076,0.0289151,0.00471
206,1.18808,0.0223624,0.004785
206,1.20802,0.0374736,0.004641
207,1.21216,0.0253845,0.004787
207,1.19968,0.0316787,0.004779
207,1.34577,0.0296075,0.004823
207,1.21633,0.0333173,0.004827
207,1.12922,0.0234656,0.004797
207,1.19034,0.0244749,0.004858
207,1.1798,0.0277086,0.004876
207,1.17195,0.0205306,0.004865
207,1.22708,0.0260923,0.004877
207,1.1682,0.0281776,0.004844
207,1.21307,0.0372867,0.004843
207,1.17537,0.0311992,0.004838
207,1.24155,0.0226046,0.004813
207,1.25464,0.0256804,0.004824
207,1.18946,0.0282035,0.004743
207,1.04462,0.0298259,0.004772
207,1.26175,0.0293397,0.00483
207,1.21246,0.0293902,0.004738
207,1.23629,0.0242455,0.004839
207,1.29542,0.037459,0.00474
208,1.24607,0.0332555,0.004829
208,1.05605,0.0283706,0.004813
208,1.18856,0.0212977,0.004835
208,1.21156,0.0270943,0.004945
208,1.19137,0.025356,0.004892
208,1.19992,0.0228418,0.004868
208,1.18172,0.0237591,0.004916
208,1.24485,0.0253624,0.004926
208,1.14508,0.0354915,0.004864
208,1.14342,0.0226892,0.004939
208,1.14887,0.0303613,0.004881
208,1.14529,0.0220868,0.004929
208,1.24393,0.0306268,0.004849
208,1.15278,0.0403449,0.004853
208,1.05211,0.0269544,0.004905
208,1.16815,0.0293747,0.004904
208,1.15711,0.0398566,0.004839
208,1.2948,0.0229052,0.004805
208,1.15094,0.0404531,0.004836
208,1.14803,0.0225265,0.004818
209,1.2958,0.027481,0.00487
209,1.21224,0.0278857,0.004953
209,1.11793,0.0205067,0.004856
209,1.25482,0.0277476,0.004939
209,1.0769,0.0259204,0.004897
209,1.29184,0.0321046,0.004979
209,1.16758,0.0297185,0.004924
209,1.26695,0.0416343,0.005003
209,1.26039,0.0321555,0.004982
209,1.17389,0.0218803,0.004919
209,1.21799,0.0254481,0.005003
209,1.24533,0.0223675,0.004965
209,1.12296,0.0231705,0.004933
209,1.21561,0.0229029,0.004969
209,1.15598,0.0207993,0.004959
209,1.33003,0.0334387,0.004873
209,1.11269,0.0284862,0.004902
209,1.25482,0.0312258,0.004836
209,1.1509,0.0212328,0.004955
209,1.32304,0.0275996,0.004857
210,1.20638,0.0230014,0.004969
210,1.20787,0.0217906,0.004936
210,1.17225,0.0212631,0.004945
210,1.18458,0.024685,0.004952
210,1.16856,0.0334218,0.00497
210,1.04182,0.0316991,0.005048
210,1.20716,0.0247222,0.004939
210,1.36588,0.0257133,0.004988
210,1.43117,0.031594,0.004987
210,1.12159,0.0276925,0.005009
210,1.20853,0.0212889,0.004933
210,1.3762,0.0327922,0.005003
210,1.12357,0.0260834,0.004999
210,1.32606,0.0357628,0.0049
210,1.04665,0.0182606,0.005037
210,1.18495,0.0355175,0.00495
210,1.0923,0.0251606,0.004924
210,1.18818,0.0219283,0.005042
210,1.16585,0.0313005,0.004972
210,1.20418,0.0390597,0.004975
211,1.2068,0.0296845,0.00505
211,1.16631,0.0239224,0.004981
211,1.53938,0.0291417,0.005059
211,1.21278,0.0245265,0.004994
211,1.08142,0.0213534,0.005053
211,1.06963,0.0236788,0.005035
211,1.21064,0.0273083,0.005023
211,1.13025,0.0219118,0.005081
211,1.22706,0.0291092,0.005068
211,1.15497,0.0250108,0.005097
211,1.2162,0.0278814,0.005133
211,1.22534,0.0250757,0.005043
211,1.25054,0.032757,0.005036
211,1.28458,0.0343816,0.005026
211,1.24065,0.0227758,0.005049
211,1.294,0.035833,0.005002
211,1.30493,0.0233768,0.004989
211,1.13119,0.0254003,0.004992
211,1.22678,0.0251349,0.00504
211,1.204,0.0241224,0.005046
212,1.21965,0.029742,0.005038
212,1.13916,0.0230319,0.00505
212,1.07279,0.0228292,0.005062
212,0.953448,0.0192557,0.005067
212,1.13734,0.0304878,0.005019
212,1.13597,0.0284875,0.005108
212,1.24659,0.0256944,0.005154
212,1.11258,0.0243831,0.0052
212,1.16921,0.0222394,0.005129
212,1.27094,0.0268628,0.005046
212,1.29408,0.0208065,0.005078
212,1.24122,0.0254471,0.005052
212,1.16414,0.0335431,0.005061
212,1.16225,0.0245965,0.005182
212,0.992943,0.0147744,0.005086
212,1.06787,0.022798,0.005098
212,1.26862,0.0242067,0.005036
212,1.12424,0.0242211,0.005033
212,1.01466,0.0276047,0.005093
212,1.30507,0.0286417,0.005057
213,1.16261,0.0320383,0.005088
213,1.29464,0.0194512,0.005107
213,1.27232,0.0260495,0.005095
213,1.33683,0.0336623,0.005335
213,1.07891,0.023805,0.00518
213,1.42532,0.0333458,0.00513
213,1.25825,0.027519,0.005201
213,1.32939,0.0296844,0.005196
213,1.30007,0.0333151,0.005173
213,1.08594,0.0271855,0.005123
213,1.17705,0.0333662,0.005266
213,1.2091,0.0348549,0.005132
213,1.24267,0.0250421,0.005169
213,1.11877,0.0240776,0.005128
213,1.29226,0.0335962,0.005111
213,1.18183,0.0206571,0.005072
213,1.23131,0.0350232,0.00509
213,1.34903,0.0400336,0.005074
213,1.15243,0.0235935,0.005135
213,1.15588,0.0323087,0.005104
214,1.26939,0.0230138,0.005154
214,1.24509,0.0256473,0.005367
214,1.1612,0.0271141,0.005241
214,1.18218,0.0340669,0.005294
214,1.3979,0.0327822,0.005219
214,1.17572,0.0283408,0.00519
214,1.23553,0.0283916,0.005251
214,1.37959,0.0270938,0.005201
214,1.23934,0.0286069,0.00517
214,1.0214,0.0353038,0.00518
214,1.238,0.0196563,0.00522
214,1.10143,0.0404407,0.005223
214,1.28135,0.0270672,0.005254
214,1.12744,0.0247826,0.005166
214,1.32886,0.0288426,0.005184
214,1.1903,0.029607,0.005113
214,1.20552,0.0363566,0.005241
214,1.19339,0.0193918,0.005149
214,1.28103,0.0236949,0.005147
214,1.24161,0.0257376,0.005127
215,1.28359,0.0355389,0.005209
215,1.16507,0.0245471,0.005202
215,1.26195,0.027485,0.005219
215,1.21339,0.0259921,0.005232
215,1.10946,0.0270692,0.005229
215,1.17635,0.0253047,0.00527
215,1.22388,0.0226583,0.005269
215,1.43647,0.0318449,0.005196
215,1.26082,0.0241595,0.005231
215,1.30484,0.0296157,0.00525
215,1.09681,0.03285,0.005263
215,1.26508,0.0293391,0.005325
215,1.08522,0.0223287,0.005211
215,1.12519,0.0289908,0.005229
215,1.24409,0.0234938,0.005268
215,1.18787,0.0231251,0.005226
215,1.26978,0.02101,0.005312
215,1.06061,0.024743,0.005205
215,1.17085,0.0229942,0.005202
215,1.05356,0.0230336,0.005216
216,1.04022,0.0238143,0.005236
216,1.12714,0.0216951,0.005285
216,1.27636,0.0239189,0.005276
216,1.10776,0.0222153,0.005312
216,1.24118,0.0237963,0.005224
216,1.17263,0.0228475,0.005298
216,1.18842,0.0241815,0.00524
216,1.19638,0.0255094,0.005275
216,1.14719,0.0222981,0.005285
216,1.2003,0.0359001,0.005326
216,1.25141,0.0228061,0.005248
216,1.1827,0.0216372,0.005349
216,1.20456,0.0383708,0.005291
216,1.36631,0.030394,0.005311
216,1.42747,0.0243673,0.005229
216,1.26236,0.031513,0.005241
216,1.30705,0.0224725,0.005235
216,1.12092,0.0364281,0.00524
216,1.19193,0.0269087,0.005234
216,1.20853,0.0406237,0.005232
217,1.24405,0.0268437,0.005346
217,1.22179,0.0230542,0.005361
217,1.23311,0.0271623,0.005338
217,1.12034,0.0276828,0.00534
217,1.29275,0.0333297,0.005361
217,1.08339,0.0293994,0.005297
217,1.32528,0.0288011,0.005418
217,1.31115,0.0267954,0.005388
217,1.20609,0.0287392,0.005423
217,1.25409,0.0276565,0.005387
217,1.19675,0.0249636,0.005315
217,1.23234,0.0353262,0.005329
217,1.2383,0.03075,0.005461
217,1.35023,0.0267324,0.005391
217,1.27452,0.0317623,0.00533
217,1.06556,0.0266751,0.00543
217,1.31896,0.0289689,0.005342
217,1.13581,0.0233477,0.005331
217,1.21905,0.0263321,0.005324
217,1.24775,0.018482,0.005291
218,1.10997,0.0217607,0.005386
218,1.29545,0.0260041,0.005397
218,1.02529,0.018388,0.005394
218,1.30346,0.0255239,0.005371
218,1.26358,0.0380348,0.00546
218,1.39038,0.0268424,0.005507
218,1.06568,0.0277892,0.005402
218,1.15833,0.021384,0.005411
218,1.29301,0.0335624,0.005517
218,1.21863,0.0227375,0.005473
218,1.23027,0.0249283,0.005459
218,1.12658,0.03356,0.005458
218,1.15447,0.0292881,0.005424
218,1.18004,0.0229646,0.005494
218,1.23425,0.0322644,0.005394
218,1.17329,0.0357368,0.005386
218,1.15947,0.0269288,0.005328
218,1.00415,0.0187662,0.005395
218,1.19326,0.024381,0.005369
218,1.20648,0.0372568,0.005425
219,0.969366,0.0164882,0.005456
219,1.04694,0.0232812,0.005437
219,1.12799,0.0329479,0.005483
219,1.40917,0.0262368,0.005412
219,1.04099,0.0215623,0.005452
219,1.38654,0.0434847,0.005504
219,1.10703,0.028365,0.005532
219,1.17804,0.0225162,0.005453
219,1.1058,0.0232897,0.005471
219,1.17518,0.0267494,0.005461
219,1.31692,0.0260834,0.005508
219,1.22551,0.0293042,0.005486
219,1.16415,0.0218742,0.005516
219,1.20909,0.0301483,0.005418
219,1.1181,0.0215014,0.005424
219,1.25286,0.0390326,0.005407
219,1.20389,0.0221648,0.005489
219,1.20502,0.0248588,0.005559
219,1.05302,0.021433,0.005448
219,1.32677,0.0323821,0.005454
220,1.28793,0.0290354,0.005592
220,1.13008,0.024542,0.005477
220,1.21172,0.023667,0.005487
220,1.22775,0.0287818,0.005534
220,1.12705,0.0221778,0.005524
220,1.12747,0.0225321,0.005514
220,1.06775,0.029392,0.005591
220,1.16379,0.0423323,0.005569
220,1.12777,0.0221358,0.005543
220,1.19467,0.0295959,0.005529
220,1.1384,0.0317215,0.005575
220,1.24754,0.0303273,0.00563
220,1.27994,0.0289868,0.0055
220,1.23637,0.0355017,0.005503
220,1.12142,0.0240694,0.005568
220,1.32101,0.0231751,0.005537
220,1.2049,0.0264047,0.00552
220,1.07483,0.0222534,0.005511
220,1.12959,0.0253199,0.005551
220,1.13747,0.0259678,0.005508
221,1.17461,0.0241459,0.005512
221,1.26304,0.0236436,0.005525
221,1.28003,0.0325256,0.00555
221,1.20167,0.0225119,0.005569
221,1.26835,0.0289772,0.005572
221,1.31006,0.0311101,0.005559
221,1.21945,0.0256245,0.005656
221,1.2233,0.0256519,0.005653
221,1.3756,0.0291632,0.005605
221,1.24243,0.0254305,0.005644
221,1.39126,0.0367248,0.005655
221,1.2044,0.0342011,0.005557
221,1.12887,0.0283526,0.00554
221,1.15365,0.0323692,0.005562
221,1.15,0.0292807,0.005618
221,1.06562,0.0221553,0.005545
221,1.19598,0.0278956,0.005615
221,1.22065,0.0192526,0.005606
221,1.27214,0.0220313,0.005553
221,1.21376,0.0235392,0.005575
222,1.11536,0.0310326,0.005571
222,1.1185,0.0203398,0.005662
222,1.21549,0.0312673,0.005638
222,1.10724,0.0188117,0.005629
222,1.16574,0.0291635,0.005694
222,1.32955,0.0305716,0.005721
222,1.06932,0.024022,0.005803
222,1.37955,0.0265658,0.005846
222,1.16379,0.0242203,0.00567
222,1.14666,0.0234467,0.005678
222,1.15969,0.0230599,0.005639
222,1.32736,0.0324291,0.005634
222,1.22484,0.0391382,0.005606
222,1.23204,0.0239375,0.005571
222,1.32234,0.0352466,0.005593
222,1.11278,0.0227415,0.005607
222,1.31207,0.0309299,0.005619
222,1.23004,0.0263334,0.005638
222,1.33172,0.028939,0.005604
222,1.18766,0.0240458,0.005606
223,1.26244,0.033288,0.00576
223,1.14734,0.0263626,0.005667
223,1.26884,0.0259419,0.005702
223,1.14562,0.0237872,0.005721
223,1.18677,0.0259284,0.005678
223,1.10727,0.0164546,0.005735
223,1.16443,0.0259659,0.005721
223,1.13461,0.0278358,0.005705
223,1.08639,0.0217926,0.005747
223,1.26816,0.0248614,0.005857
223,1.12498,0.0228564,0.005751
223,1.23492,0.0212056,0.005731
223,1.33354,0.0255666,0.005701
223,1.18134,0.0247454,0.005645
223,1.09782,0.0183349,0.005647
223,1.12509,0.0241786,0.005642
223,1.23379,0.0266334,0.005673
223,1.30329,0.0205467,0.005722
223,1.2192,0.022559,0.005629
223,1.24285,0.0253975,0.005668
224,1.26418,0.0287235,0.0057
224,1.23925,0.0207205,0.005804
224,1.23997,0.0222897,0.005793
224,1.1536,0.0221871,0.005835
224,1.16983,0.0198062,0.005708
224,1.21533,0.0259165,0.005763
224,1.21964,0.0203638,0.005744
224,1.20346,0.0236502,0.005775
224,1.17008,0.0382029,0.005787
224,1.26903,0.0458501,0.005791
224,1.18931,0.0219199,0.005714
224,1.16026,0.0218405,0.005784
224,1.22115,0.0188248,0.005755
224,1.15719,0.0267947,0.005781
224,1.22737,0.0289334,0.005684
224,1.11937,0.0260913,0.005701
224,1.10705,0.0265213,0.005681
224,1.1486,0.0211466,0.005699
224,1.10937,0.0234037,0.005707
224,1.2662,0.028793,0.005745
225,1.11998,0.021921,0.005798
225,1.26251,0.0348179,0.005777
225,1.21001,0.0246511,0.005758
225,1.3579,0.0210246,0.005788
225,1.21605,0.0366942,0.005793
225,1.12335,0.0290802,0.005833
225,1.28995,0.0254138,0.005825
225,1.32233,0.0281575,0.005837
225,1.10955,0.0261076,0.005904
225,1.22268,0.0277511,0.005849
225,1.08811,0.0217354,0.005826
225,1.1352,0.0211902,0.005852
225,1.05123,0.0201736,0.00576
225,1.21221,0.0284156,0.005799
225,1.1626,0.0197731,0.005745
225,1.31951,0.0257314,0.005774
225,1.25208,0.0229824,0.005864
225,1.13671,0.0229813,0.00577
225,1.15969,0.0210461,0.005779
225,1.15487,0.0267393,0.005727
226,1.25225,0.0228332,0.005816
226,1.11348,0.0230935,0.005796
226,1.02226,0.0216826,0.005936
226,1.2409,0.0249681,0.005841
226,1.30558,0.0227958,0.006026
226,1.26621,0.0254528,0.005821
226,1.1592,0.0257655,0.005849
226,1.07263,0.0223204,0.005849
226,1.15782,0.0254943,0.00594
226,1.22768,0.0315206,0.005966
226,1.19278,0.023153,0.00594
226,1.29021,0.022509,0.005865
226,1.2543,0.0323039,0.005856
226,1.13839,0.0190648,0.005828
226,1.17741,0.0226825,0.005831
226,1.12446,0.0190534,0.005807
226,1.19417,0.027829,0.005845
226,0.914599,0.0149444,0.005841
226,1.1435,0.0282689,0.005828
226,1.1948,0.0288856,0.005878
227,1.33807,0.031382,0.005997
227,1.19758,0.0234855,0.005857
227,1.21408,0.0276486,0.005846
227,1.01759,0.0245627,0.005928
227,1.07472,0.0186419,0.00589
227,1.18731,0.0332804,0.005921
227,1.29455,0.0230482,0.006045
227,1.3113,0.0206822,0.005924
227,1.15396,0.034862,0.00593
227,1.23631,0.023098,0.005902
227,1.30373,0.0227679,0.005907
227,1.20034,0.0235738,0.005913
227,1.21133,0.0233341,0.005964
227,1.17169,0.0321285,0.005969
227,1.09468,0.0258178,0.00595
227,1.13103,0.025714,0.005927
227,1.23657,0.0271341,0.005972
227,1.20641,0.0241072,0.005985
227,1.18234,0.0291886,0.005946
227,1.07068,0.0229451,0.005949
228,1.12023,0.0274696,0.00602
228,1.17622,0.0238265,0.006028
228,1.21352,0.0273726,0.006078
228,1.2412,0.0222555,0.006132
228,1.11041,0.0366166,0.006132
228,1.24456,0.0208554,0.00615
228,1.29844,0.0232627,0.006138
228,1.22384,0.0215895,0.006095
228,1.13254,0.0301724,0.006116
228,1.08507,0.0227877,0.006093
228,1.27845,0.03426,0.00601
228,1.16748,0.0274717,0.006017
228,1.14581,0.0237626,0.006003
228,1.16247,0.0305,0.006092
228,1.21361,0.028794,0.005958
228,1.18211,0.0247861,0.005968
228,1.11292,0.0205511,0.005999
228,1.17835,0.0232429,0.006019
228,1.21885,0.0271539,0.006002
228,1.14803,0.0228242,0.006028
229,1.30246,0.0267848,0.006024
229,1.18451,0.0277781,0.006044
229,1.25111,0.0272183,0.006098
229,1.1907,0.0219841,0.006108
229,1.12356,0.0539062,0.006123
229,1.34957,0.0323404,0.006102
229,1.0644,0.0427431,0.006068
229,1.20322,0.0319349,0.006081
229,1.43272,0.0242063,0.006055
229,1.08787,0.0271114,0.006113
229,1.14674,0.0241242,0.006046
229,1.16266,0.0400379,0.006005
229,1.32632,0.0336701,0.00603
229,1.03702,0.0297749,0.006005
229,1.4239,0.0239662,0.00603
229,1.1435,0.02225,0.006032
229,1.21595,0.0231733,0.006024
229,1.26604,0.0245445,0.006038
229,1.19391,0.0306871,0.00604
229,1.30175,0.0264127,0.006032
230,1.27096,0.0293304,0.006059
230,1.06412,0.0291387,0.006096
230,1.28032,0.0268755,0.006049
230,1.18855,0.0244391,0.006095
230,1.18447,0.0321145,0.006162
230,1.11381,0.0259584,0.006145
230,1.15084,0.0252292,0.00605
230,1.22921,0.0248784,0.006091
230,1.29841,0.0291298,0.0061
230,1.19428,0.0275121,0.006108
230,1.16377,0.0226416,0.006163
230,1.18856,0.0211209,0.006126
230,0.999532,0.019691,0.006113
230,1.16676,0.0204979,0.006153
230,1.14785,0.027803,0.006093
230,1.17982,0.0229354,0.006087
230,1.20765,0.0211092,0.006092
230,1.04785,0.0197171,0.00607
230,1.21149,0.0359338,0.006085
230,1.33763,0.0259673,0.006153
231,1.08185,0.0211322,0.006111
231,1.211,0.0270319,0.006084
231,1.22639,0.0254186,0.00611
231,1.22179,0.0195759,0.006129
231,1.21303,0.0252402,0.006153
231,1.22823,0.0235297,0.006152
231,1.21383,0.0320816,0.006196
231,1.15839,0.0240616,0.00614
231,1.17735,0.0292591,0.006233
231,1.28132,0.022831,0.006184
231,1.08988,0.0208392,0.006245
231,1.08273,0.0366019,0.006144
231,1.2947,0.0314985,0.006109
231,1.2134,0.0350651,0.006115
231,1.19469,0.0188149,0.006167
231,1.21502,0.0280591,0.006111
231,1.08077,0.0195974,0.00612
231,1.14166,0.0175327,0.006132
231,1.31007,0.0280958,0.006115
231,1.29809,0.0228544,0.006149
232,1.07477,0.0215084,0.006255
232,1.12799,0.0214391,0.006207
232,1.30314,0.037826,0.006172
232,1.11483,0.023206,0.006232
232,1.1788,0.0311109,0.00622
232,1.09786,0.0276002,0.0062
232,1.22844,0.0232834,0.00623
232,1.31421,0.0334003,0.00631
232,1.17316,0.0264057,0.006271
232,1.17282,0.0237558,0.006231
232,1.21373,0.0278442,0.006285
232,1.28274,0.0299783,0.006276
232,1.24611,0.0203385,0.006215
232,1.25126,0.0412054,0.006247
232,1.44409,0.0276888,0.006215
232,1.10442,0.0289171,0.006154
232,1.2027,0.0270347,0.006163
232,1.09405,0.0257997,0.006186
232,1.25605,0.0194296,0.006138
232,1.29483,0.0249707,0.006157
233,1.10542,0.0267499,0.006281
233,1.08032,0.0204021,0.006284
233,1.25059,0.0242225,0.006252
233,1.22005,0.0275267,0.006262
233,1.37723,0.0265055,0.006264
233,1.14696,0.0284356,0.006305
233,1.2092,0.0233302,0.006335
233,1.27541,0.0225511,0.006294
233,1.24673,0.0260115,0.006329
233,1.23026,0.0271731,0.006295
233,1.32481,0.0300513,0.00625
233,1.14746,0.0302756,0.006384
233,1.29227,0.0236799,0.006244
233,1.21955,0.0258547,0.006245
233,1.20686,0.0243925,0.006333
233,1.12042,0.0281595,0.006323
233,1.1995,0.0269635,0.00626
233,1.11546,0.0329833,0.006162
233,1.19188,0.0222667,0.006264
233,1.17092,0.025732,0.006267
234,1.22357,0.0241802,0.006406
234,1.14203,0.0225485,0.006328
234,1.02262,0.0288535,0.006479
234,1.16851,0.0215313,0.00635
234,1.17539,0.0190952,0.006401
234,1.26041,0.0303385,0.006481
234,1.35455,0.0298489,0.006474
234,1.16779,0.0316263,0.006389
234,1.2126,0.0223344,0.006418
234,1.2817,0.0219414,0.006398
234,1.25753,0.0211039,0.006381
234,1.33199,0.0249408,0.006365
234,1.03674,0.0227932,0.006377
234,1.42876,0.0282741,0.006385
234,1.20351,0.0375441,0.006325
234,1.19957,0.0236175,0.006307
234,1.25296,0.0215898,0.006339
234,1.17627,0.0302817,0.006318
234,1.23946,0.0315769,0.006326
234,1.20465,0.0234278,0.006263
235,1.13424,0.0257016,0.006387
235,1.1522,0.0232966,0.006358
235,1.1837,0.0222355,0.006446
235,1.15303,0.0191907,0.006538
235,1.17708,0.021153,0.006411
235,1.36002,0.041991,0.006529
235,1.20348,0.028743,0.006524
235,1.25005,0.023279,0.006515
235,1.14776,0.0201358,0.006509
235,1.13139,0.0231812,0.006465
235,1.12518,0.0324821,0.006448
235,1.01985,0.016228,0.00643
235,1.18534,0.0364645,0.006515
235,1.35437,0.0199136,0.006443
235,1.25289,0.0276451,0.006438
235,1.16474,0.025873,0.006362
235,1.08642,0.0208041,0.006382
235,1.21539,0.02245,0.006416
235,1.1322,0.0182352,0.006351
235,1.10686,0.024609,0.006383
236,1.16132,0.0201472,0.006368
236,1.14043,0.0305954,0.0065
236,1.12328,0.0360639,0.006427
236,1.13065,0.0207384,0.00646
236,1.17895,0.0382598,0.00656
236,1.24114,0.0225763,0.006411
236,1.19932,0.0285637,0.006559
236,1.13826,0.0219144,0.006492
236,1.21641,0.0296324,0.006519
236,1.22285,0.0228154,0.006496
236,1.23869,0.0209815,0.006482
236,1.19408,0.0194389,0.006474
236,1.11373,0.023196,0.006462
236,1.28035,0.0249162,0.006386
236,1.0913,0.0332986,0.006439
236,1.31475,0.0265205,0.006469
236,1.15857,0.0238993,0.006439
236,1.13146,0.0262417,0.006475
236,1.31035,0.022519,0.006359
236,1.31572,0.0258458,0.006305
237,1.28522,0.0235313,0.006511
237,1.11232,0.0267091,0.006584
237,1.26088,0.0218007,0.006519
237,1.15786,0.0207144,0.006546
237,1.13642,0.0228142,0.006558
237,1.14417,0.0267068,0.006563
237,1.2077,0.0330212,0.006516
237,1.12393,0.0195684,0.006606
237,1.23182,0.0232683,0.006568
237,1.24313,0.0237588,0.006553
237,1.24777,0.0333527,0.006554
237,1.11091,0.0253022,0.006555
237,1.25686,0.0280315,0.00654
237,1.07073,0.0230458,0.006509
237,1.16413,0.0234357,0.006562
237,1.3706,0.0250824,0.006462
237,1.34289,0.0312399,0.006614
237,1.15329,0.0240753,0.006462
237,1.13351,0.0205965,0.006467
237,1.27567,0.0286689,0.006417
238,1.18403,0.0396675,0.00656
238,1.10753,0.033656,0.006564
238,1.24786,0.0215128,0.006589
238,1.27573,0.0285983,0.006534
238,1.12116,0.0194841,0.006565
238,1.35983,0.0263014,0.006592
238,1.04459,0.0240807,0.00659
238,1.13826,0.0214088,0.006549
238,1.1572,0.0250748,0.00665
238,1.18867,0.0287515,0.006671
238,1.18303,0.0224294,0.006618
238,1.24417,0.0331454,0.006625
238,1.24848,0.0246254,0.006633
238,1.19064,0.0305688,0.006589
238,1.23231,0.0281335,0.006584
238,1.20433,0.0207746,0.006552
238,1.22553,0.0263858,0.006578
238,1.1602,0.0211802,0.006503
238,1.05206,0.0189371,0.006538
238,1.15928,0.0314657,0.006538
239,1.13434,0.0199497,0.00669
239,1.15447,0.0199468,0.006604
239,1.23638,0.0221481,0.006698
239,1.15776,0.0184325,0.006787
239,1.24297,0.0189614,0.00676
239,1.18297,0.0182454,0.006746
239,1.23626,0.0187358,0.006777
239,1.1127,0.0411681,0.006658
239,1.22173,0.0268642,0.006669
239,1.25607,0.0280105,0.006675
239,1.3399,0.0342166,0.006673
239,1.23727,0.0226091,0.006721
239,1.31486,0.0236789,0.006709
239,1.20585,0.0232703,0.006572
239,1.06007,0.0323889,0.006643
239,1.26902,0.021603,0.006591
239,1.26859,0.0248041,0.00665
239,1.08911,0.0219194,0.006575
239,1.12499,0.0169902,0.006556
239,1.18904,0.0271925,0.006611
240,1.32388,0.0265307,0.006693
240,1.0011,0.0238251,0.006803
240,1.21704,0.025407,0.006875
240,1.15361,0.0239697,0.006824
240,1.22876,0.0312242,0.006834
240,1.04115,0.0188572,0.0067
240,1.30935,0.0220856,0.006805
240,1.29863,0.0282466,0.006798
240,1.15444,0.0190766,0.006684
240,1.05734,0.0204909,0.00677
240,1.18601,0.0268835,0.006682
240,1.13434,0.0181442,0.006693
240,1.27723,0.0255612,0.006702
240,1.08716,0.0180463,0.006732
240,1.40132,0.0243206,0.006628
240,1.14617,0.0172939,0.006647
240,1.37035,0.0326381,0.006693
240,1.36057,0.0231647,0.006835
240,1.24057,0.0244818,0.006635
240,1.21565,0.0204708,0.006631
241,1.3115,0.0348153,0.006694
241,1.26862,0.0218991,0.006758
241,1.22002,0.0239727,0.007056
241,1.14184,0.0277352,0.006925
241,1.34965,0.0241456,0.006926
241,1.3632,0.0272379,0.006991
241,1.21277,0.0232017,0.006873
241,1.27659,0.0302513,0.006843
241,1.18156,0.0216807,0.006833
241,1.1073,0.0230356,0.006896
241,1.15608,0.0321728,0.006844
241,1.185,0.0197537,0.006717
241,1.17995,0.0185919,0.006732
241,1.22878,0.0254177,0.006704
241,1.20937,0.0192573,0.006693
241,1.31185,0.0348283,0.006687
241,1.18038,0.019102,0.006701
241,1.10557,0.0209528,0.006669
241,1.17442,0.0228322,0.006825
241,1.11381,0.0228041,0.006696
242,1.33682,0.0299206,0.006763
242,1.29699,0.0316137,0.007132
242,1.15803,0.0245253,0.006844
242,1.10672,0.0192144,0.006895
242,1.18932,0.0348383,0.006975
242,1.16966,0.0283003,0.006943
242,1.10331,0.0181231,0.007054
242,1.24618,0.0297247,0.007049
242,1.22243,0.0227147,0.007036
242,1.21196,0.0243705,0.006879
242,1.17195,0.0154884,0.006879
242,1.15748,0.0215811,0.006834
242,1.24995,0.0212393,0.00684
242,1.25739,0.023538,0.006755
242,1.28288,0.0317013,0.00679
242,1.21067,0.0211321,0.006732
242,1.12579,0.0205381,0.006892
242,1.12462,0.0252974,0.006748
242,1.22198,0.0188035,0.006721
242,1.21238,0.0427434,0.006843
243,1.1528,0.0282967,0.007077
243,1.09116,0.0203236,0.006874
243,1.16379,0.0306371,0.007126
243,1.14527,0.0181685,0.007041
243,1.39136,0.0332051,0.007004
243,1.18727,0.0222437,0.007082
243,1.24958,0.023807,0.006994
243,1.1552,0.03018,0.007035
243,1.10495,0.0247187,0.006995
243,1.14993,0.0197536,0.006976
243,1.22179,0.0294674,0.006953
243,1.25798,0.0320418,0.006905
243,1.21523,0.0219357,0.007026
243,1.22679,0.0238783,0.006899
243,1.29794,0.0299809,0.006892
243,1.27745,0.0260067,0.006877
243,1.22144,0.0313942,0.00688
243,1.21705,0.0304182,0.006782
243,1.1784,0.0284271,0.006809
243,1.27209,0.0200513,0.006895
244,1.41016,0.024003,0.006923
244,1.10427,0.0237903,0.006968
244,1.21094,0.0210006,0.007172
244,1.39422,0.0461793,0.007097
244,1.27795,0.0277541,0.007073
244,1.16492,0.0187357,0.007114
244,1.1279,0.0284146,0.00709
244,1.21759,0.0212776,0.007133
244,1.21422,0.0311782,0.007142
244,1.21981,0.0216091,0.007119
244,1.22818,0.0249816,0.007109
244,1.22726,0.021041,0.007068
244,1.23269,0.0230533,0.006969
244,1.24549,0.0237642,0.006912
244,1.22552,0.0252629,0.006902
244,1.09871,0.0188996,0.006905
244,1.13449,0.0242507,0.006864
244,1.24449,0.0221347,0.007006
244,1.21227,0.0201848,0.006973
244,1.16208,0.0171224,0.006973
245,1.2077,0.0258492,0.006977
245,1.22402,0.0227272,0.007001
245,1.08506,0.0199074,0.007037
245,1.22638,0.0211119,0.007099
245,1.13162,0.021456,0.007163
245,1.18187,0.0297019,0.007383
245,1.16138,0.0294046,0.007184
245,1.08945,0.0224968,0.007109
245,1.20294,0.0199906,0.007071
245,1.10197,0.0213123,0.00709
245,1.21087,0.0303928,0.007009
245,1.2562,0.0203407,0.006998
245,1.38879,0.0312493,0.007011
245,1.16466,0.0210174,0.006994
245,1.05314,0.0176978,0.006989
245,1.29735,0.0250769,0.007103
245,1.08356,0.0225663,0.006905
245,1.0168,0.0166341,0.007045
245,1.31234,0.0307296,0.006955
245,1.22161,0.0245489,0.006965
246,1.32716,0.0249133,0.007081
246,1.31612,0.0299262,0.007141
246,1.07147,0.0183011,0.007112
246,1.25554,0.0219441,0.00738
246,1.17088,0.0184876,0.007293
246,1.06347,0.0191344,0.007297
246,1.0914,0.0167017,0.007438
246,1.13877,0.0204608,0.007601
246,1.13369,0.0410254,0.007547
246,1.07515,0.0271824,0.007595
246,1.17579,0.0241194,0.007511
246,1.08445,0.0278899,0.007464
246,1.26753,0.0203115,0.007466
246,1.19777,0.0334139,0.007392
246,1.12614,0.0220175,0.007423
246,1.08212,0.0381871,0.007368
246,1.30569,0.0291341,0.007277
246,1.205,0.0297804,0.007286
246,1.22026,0.0253844,0.007208
246,1.2895,0.0224125,0.007173
247,1.21109,0.019912,0.007131
247,1.15759,0.0197797,0.007286
247,1.19787,0.0231402,0.007388
247,1.18694,0.0197043,0.007305
247,1.12289,0.0217197,0.007312
247,1.17476,0.0207177,0.007485
247,1.16908,0.0253247,0.007332
247,1.25812,0.0287646,0.00731
247,1.19878,0.0296217,0.007272
247,1.36997,0.0213555,0.007263
247,1.12049,0.02243,0.00726
247,1.30933,0.0208539,0.007225
247,1.21997,0.0244412,0.007103
247,1.14109,0.0187074,0.007174
247,1.13202,0.0203238,0.007118
247,1.07012,0.0144683,0.007174
247,1.23788,0.0275918,0.0071
247,1.08988,0.019177,0.007096
247,1.3057,0.0212689,0.007125
247,1.17412,0.0180891,0.007103
248,1.29083,0.020515,0.007154
248,1.06006,0.0222791,0.007166
248,1.17605,0.025182,0.007265
248,1.23517,0.0199631,0.007313
248,1.25077,0.0232213,0.007197
248,1.1574,0.0283292,0.007376
248,1.42479,0.02412,0.007386
248,1.15859,0.0290799,0.007248
248,1.21288,0.031704,0.007398
248,1.15511,0.032534,0.007343
248,1.17298,0.0335377,0.007214
248,1.27254,0.023681,0.007209
248,1.24844,0.0215819,0.007209
248,1.30834,0.0258107,0.007207
248,1.29754,0.0249702,0.007283
248,1.16219,0.0308095,0.007266
248,1.15234,0.0232402,0.007193
248,1.26344,0.0211755,0.007217
248,1.21536,0.0255995,0.007171
248,1.32999,0.020548,0.007233
249,1.13408,0.0219279,0.007432
249,1.17959,0.0324134,0.007321
249,1.28143,0.0279191,0.007401
249,1.13781,0.0237337,0.007423
249,1.11642,0.0199185,0.007463
249,1.24587,0.0260308,0.007408
249,1.01438,0.0171067,0.007449
249,1.11642,0.0214402,0.007358
249,1.3199,0.0256331,0.007456
249,1.18374,0.0319735,0.007444
249,1.13369,0.0348032,0.007425
249,1.26767,0.0254768,0.007456
249,1.32159,0.0302743,0.007421
249,1.1486,0.0285203,0.007405
249,1.31618,0.0341005,0.007496
249,1.27978,0.0244903,0.007343
249,1.25819,0.0302934,0.007422
249,1.38679,0.0350345,0.007487
249,1.12865,0.018517,0.007437
249,1.13116,0.0251575,0.007349
250,1.25218,0.0237009,0.007457
250,1.17434,0.0258076,0.007519
250,1.26727,0.0232326,0.007546
250,1.19082,0.0306872,0.007716
250,1.1475,0.0253395,0.007505
250,1.25766,0.0267844,0.007519
250,1.14274,0.0221013,0.007654
250,1.22943,0.021958,0.007582
250,1.31689,0.0259089,0.007641
250,1.00857,0.0175766,0.007499
250,1.14282,0.0241184,0.007406
250,1.19056,0.0432391,0.007391
250,1.28452,0.031169,0.007458
250,1.26784,0.0204636,0.007476
250,1.09261,0.0210561,0.007485
250,1.1837,0.0297064,0.007543
250,1.21678,0.0240016,0.007443
250,1.17409,0.0199092,0.007414
250,1.34092,0.0279884,0.007421
250,1.25022,0.0223243,0.007479
251,1.09716,0.0205846,0.007496
251,1.38733,0.0313395,0.007713
251,1.16028,0.0184246,0.00761
251,1.25014,0.0263119,0.007541
251,1.31635,0.0217127,0.007589
251,1.11031,0.0212522,0.007715
251,1.24667,0.0192788,0.007596
251,1.32795,0.0223711,0.007605
251,1.11903,0.0305635,0.007682
251,1.24862,0.025175,0.00756
251,1.24011,0.025471,0.007608
251,1.24864,0.0271489,0.007588
251,1.27355,0.0251223,0.007572
251,1.24775,0.0199176,0.007486
251,1.14029,0.0203294,0.007515
251,1.20751,0.0199263,0.007524
251,1.36465,0.027932,0.007484
251,1.31361,0.0212401,0.007499
251,1.16836,0.0235797,0.007528
251,1.12251,0.0272679,0.007435
252,1.22367,0.0201572,0.007571
252,1.13901,0.0234873,0.007602
252,1.25769,0.0346975,0.007615
252,1.35555,0.0394391,0.00788
252,1.14557,0.0206213,0.007656
252,1.22215,0.0421056,0.007747
252,1.33772,0.0479064,0.007733
252,1.27608,0.0248058,0.007715
252,1.06015,0.0307206,0.007722
252,1.16755,0.0293891,0.007631
252,1.22447,0.0234178,0.007721
252,1.15651,0.0264095,0.007624
252,1.2614,0.022758,0.007647
252,1.18303,0.0241955,0.007607
252,1.15853,0.0234318,0.007635
252,1.15496,0.01803,0.007555
252,1.11615,0.0234485,0.007548
252,1.16382,0.021734,0.007658
252,1.08161,0.0233279,0.007668
252,1.24917,0.0291223,0.007569
253,1.20348,0.0230986,0.007704
253,1.19181,0.0209367,0.007695
253,1.15612,0.0221685,0.007771
253,1.24001,0.0295479,0.007708
253,1.25524,0.0371675,0.007755
253,1.14666,0.0224233,0.007839
253,1.21787,0.0291509,0.007766
253,1.22896,0.0221538,0.00771
253,1.14484,0.0327066,0.007839
253,1.23118,0.0187659,0.007637
253,1.10364,0.0213553,0.007658
253,1.15345,0.0222994,0.007757
253,1.17706,0.0231662,0.007633
253,1.15932,0.0206953,0.007735
253,1.158,0.0195327,0.007612
253,1.17896,0.0265445,0.007653
253,1.13636,0.0203997,0.007609
253,1.11843,0.0260015,0.007916
253,0.945116,0.0135909,0.007653
253,1.1795,0.0197346,0.007594
254,1.22637,0.0275008,0.007679
254,1.16532,0.0189026,0.007946
254,1.38489,0.0290844,0.007834
254,1.20138,0.0260915,0.007815
254,1.12919,0.0240965,0.007918
254,1.21047,0.024672,0.007871
254,1.11734,0.02331,0.007803
254,1.23647,0.0356664,0.007782
254,1.04192,0.0327161,0.007746
254,1.14199,0.0218228,0.00774
254,1.1648,0.0168673,0.007753
254,1.26864,0.0288288,0.007728
254,1.04134,0.0349267,0.007703
254,1.15777,0.0231647,0.007739
254,1.06758,0.023893,0.007784
254,1.18617,0.0256055,0.007668
254,1.15441,0.026591,0.007686
254,1.26551,0.0253645,0.007658
254,1.27838,0.0233779,0.007768
254,1.18119,0.0196851,0.007636
255,1.2225,0.0238676,0.007754
255,1.18663,0.0210631,0.008112
255,1.17228,0.0333025,0.007837
255,1.18866,0.0188221,0.007852
255,1.22999,0.0228867,0.007848
255,1.27242,0.0204781,0.007796
255,1.19494,0.0273861,0.007858
255,1.22802,0.0218985,0.007839
255,1.07234,0.0294115,0.007847
255,1.1472,0.025891,0.007831
255,1.0913,0.0196554,0.007787
255,1.08066,0.0193235,0.007819
255,1.2641,0.0227835,0.00786
255,1.16647,0.0318922,0.007748
255,1.25374,0.0217218,0.007789
255,1.19205,0.0205308,0.00776
255,1.19134,0.0263754,0.007762
255,1.22126,0.021377,0.007791
255,1.48029,0.0252115,0.00775
255,1.30602,0.0311974,0.007787
256,1.23513,0.0275405,0.007862
256,1.09985,0.0217024,0.007884
256,1.10839,0.0225296,0.007856
256,1.14263,0.0244277,0.007947
256,1.13088,0.0191957,0.007873
256,1.24719,0.0317972,0.007934
256,1.27699,0.0349131,0.00797
256,1.1791,0.0196566,0.007882
256,1.23823,0.0210237,0.00793
256,1.08802,0.0220938,0.007946
256,1.18876,0.0275452,0.007937
256,1.1878,0.0201592,0.007842
256,1.21965,0.0207044,0.007767
256,1.12437,0.0261645,0.007888
256,1.08826,0.0184725,0.007888
256,1.20513,0.0216322,0.007845
256,1.21005,0.0203616,0.00785
256,1.24492,0.0213143,0.007814
256,1.3181,0.0252184,0.007875
256,1.21429,0.0198854,0.007838
257,1.21099,0.0221679,0.007857
257,1.16758,0.019672,0.00787
257,1.35513,0.0315623,0.007952
257,1.24741,0.021602,0.007976
257,1.07457,0.0171424,0.007992
257,1.29018,0.027372,0.007991
257,1.1368,0.0150688,0.007943
257,1.12973,0.0189299,0.007889
257,1.15802,0.0423542,0.007862
257,1.19857,0.02231,0.007836
257,1.13584,0.033016,0.00783
257,1.08916,0.0184076,0.007836
257,1.27943,0.0259394,0.007842
257,1.43266,0.0221055,0.007867
257,1.28052,0.0235788,0.007943
257,1.21176,0.0260725,0.007915
257,1.22735,0.0224729,0.007831
257,1.19896,0.0215436,0.007853
257,1.41736,0.0235089,0.007824
257,1.21029,0.024022,0.007779
258,1.23749,0.0241422,0.007836
258,1.15829,0.0251986,0.007949
258,1.26478,0.0213832,0.007977
258,1.41831,0.0203339,0.008029
258,1.34802,0.0294808,0.007945
258,1.09465,0.0270739,0.00795
258,1.14231,0.022575,0.007941
258,1.13122,0.0210701,0.007897
258,1.12565,0.019139,0.007923
258,1.22983,0.0224122,0.007889
258,1.14282,0.023453,0.00789
258,1.29969,0.0276233,0.007924
258,1.21187,0.0166564,0.007873
258,1.31444,0.0257558,0.007952
258,1.23582,0.0229492,0.007928
258,1.15675,0.0189835,0.007863
258,1.1427,0.0189538,0.007943
258,1.20412,0.0305091,0.008026
258,1.22199,0.0247331,0.007848
258,1.22432,0.022121,0.007874
259,1.18679,0.0228853,0.00804
259,1.31499,0.0241329,0.007945
259,1.21373,0.024356,0.00793
259,1.23146,0.0283752,0.008011
259,1.13485,0.0246535,0.007991
259,1.20732,0.024105,0.008108
259,1.23824,0.019752,0.008094
259,1.0789,0.0220179,0.007966
259,1.30273,0.0229153,0.00792
259,1.06494,0.0233066,0.007995
259,1.22767,0.0247719,0.007959
259,1.09611,0.0158445,0.007949
259,1.22116,0.0226766,0.007943
259,1.30894,0.0211314,0.008024
259,1.224,0.0296251,0.007953
259,1.34215,0.0215969,0.007917
259,1.15267,0.0198911,0.007896
259,1.20707,0.0233258,0.007908
259,1.26209,0.0234747,0.007979
259,1.16163,0.0210892,0.007997
260,1.02531,0.0184286,0.00799
260,1.29619,0.0361036,0.007995
260,1.10447,0.0211195,0.007977
260,1.15375,0.0274971,0.008044
260,1.2266,0.0254322,0.007946
260,1.14632,0.022805,0.008142
260,1.26574,0.0200873,0.008221
260,1.04687,0.0193427,0.008138
260,1.27792,0.0229116,0.008067
260,1.3721,0.0199966,0.008046
260,1.15657,0.0220244,0.008019
260,1.1546,0.0202802,0.008031
260,1.29498,0.0185035,0.008091
260,1.20053,0.0240869,0.007933
260,1.07912,0.0170999,0.008019
260,1.10455,0.0333193,0.008077
260,1.25132,0.0252059,0.008086
260,1.1172,0.0223577,0.008003
260,1.17903,0.0239591,0.007967
260,1.31813,0.0279497,0.008048
261,1.1762,0.0331969,0.008075
261,1.10491,0.019733,0.008018
261,1.1214,0.0227995,0.00807
261,1.21435,0.0200981,0.008072
261,1.10404,0.0285986,0.008229
261,1.17267,0.0220811,0.008022
261,1.16495,0.0213257,0.008118
261,1.1279,0.0199577,0.008048
261,1.22047,0.018995,0.008218
261,1.21093,0.0275828,0.008109
261,1.18842,0.018556,0.008106
261,1.23086,0.021022,0.008045
261,1.24647,0.0247734,0.008144
261,1.06568,0.0162908,0.008088
261,1.13495,0.0214022,0.008224
261,1.0984,0.0205163,0.007987
261,1.24765,0.0245844,0.008053
261,1.27488,0.027279,0.008085
261,1.22402,0.0173242,0.008139
261,1.35175,0.0269402,0.00804
262,1.1653,0.0240868,0.008135
262,1.22864,0.0327159,0.008431
262,1.10931,0.0168785,0.008229
262,1.21314,0.0281077,0.00816
262,1.26408,0.0261993,0.008177
262,1.13384,0.0250738,0.008252
262,1.1208,0.017509,0.008311
262,1.12385,0.0189521,0.008276
262,1.19567,0.0257815,0.008246
262,1.25393,0.029124,0.008165
262,1.19091,0.020089,0.008233
262,1.2222,0.0238446,0.008157
262,1.23715,0.0267119,0.008122
262,1.0844,0.0174841,0.00821
262,1.21485,0.0334711,0.008128
262,1.16131,0.0295069,0.00822
262,1.25998,0.0217311,0.008141
262,1.37204,0.0424527,0.008179
262,1.36805,0.0238739,0.008095
262,1.21153,0.021113,0.008125
263,1.21006,0.0174354,0.008256
263,1.17714,0.0186807,0.008216
263,1.17698,0.016025,0.008215
263,1.2922,0.0224809,0.008295
263,1.12484,0.020102,0.008475
263,1.11019,0.0213501,0.008361
263,1.05891,0.0196036,0.008339
263,1.17446,0.0162004,0.008404
263,1.17879,0.0223706,0.008261
263,1.31339,0.0243486,0.008278
263,1.21229,0.0243697,0.008232
263,1.33472,0.0196574,0.008156
263,1.09285,0.0259054,0.008179
263,1.28647,0.0321678,0.008247
263,1.2136,0.0231966,0.008237
263,1.25101,0.0257422,0.0082
263,1.26614,0.0274216,0.0082
263,1.30135,0.0290975,0.008254
263,1.16691,0.0207327,0.008179
263,1.22507,0.0271405,0.008156
264,1.13995,0.0211915,0.008271
264,1.24287,0.0272704,0.008355
264,1.143,0.0213252,0.008321
264,1.19552,0.017687,0.008468
264,1.21772,0.0184332,0.008526
264,1.18615,0.0209587,0.008405
264,1.2923,0.0188176,0.00848
264,1.17657,0.0173256,0.008409
264,1.18398,0.0243029,0.008318
264,1.15307,0.0255775,0.00841
264,1.10688,0.0211857,0.008329
264,1.20386,0.0229878,0.00826
264,1.17564,0.0199774,0.00835
264,1.2862,0.0272495,0.008325
264,1.03409,0.016328,0.008344
264,1.27869,0.0245094,0.008345
264,1.19059,0.0230178,0.008328
264,1.27824,0.0215622,0.008432
264,1.274,0.0232863,0.008485
264,1.24684,0.0210241,0.008289
265,1.2407,0.0244979,0.008307
265,1.14519,0.0273287,0.008463
265,1.25472,0.0459013,0.008497
265,1.04388,0.0189638,0.008601
265,1.09905,0.0200997,0.008464
265,1.14359,0.0235737,0.008396
265,1.23563,0.0244313,0.008417
265,1.17019,0.0199701,0.008349
265,1.18289,0.0277373,0.008362
265,1.18047,0.0287018,0.008295
265,1.25666,0.0221919,0.008292
265,1.2742,0.0250112,0.008315
265,1.27913,0.0180718,0.008385
265,1.34421,0.0193406,0.008317
265,1.1734,0.0316345,0.00845
265,1.16028,0.0272059,0.008398
265,1.19835,0.0232852,0.008394
265,1.23165,0.0277034,0.008365
265,1.10363,0.0260616,0.008365
265,1.07434,0.0298535,0.008316
266,1.0817,0.0197283,0.008368
266,1.22838,0.0219595,0.008371
266,1.17466,0.0175708,0.008537
266,1.31899,0.0249315,0.008493
266,1.22576,0.0169778,0.008487
266,1.16412,0.0185145,0.008522
266,1.15594,0.0183149,0.008537
266,1.25799,0.0180824,0.008482
266,1.15571,0.020178,0.008445
266,1.27495,0.0334588,0.008367
266,1.16109,0.0227222,0.008375
266,1.16134,0.0157157,0.008556
266,1.08126,0.0168256,0.008481
266,1.32261,0.0352224,0.008426
266,1.16769,0.020657,0.008353
266,1.12014,0.0152281,0.008404
266,1.23616,0.0228652,0.00839
266,1.19951,0.0206542,0.008345
266,1.29775,0.0300278,0.008371
266,1.1922,0.0261518,0.00841
267,1.31618,0.0295917,0.008483
267,1.22892,0.0272237,0.008494
267,1.16449,0.0200369,0.008564
267,1.36003,0.0224493,0.008609
267,1.35305,0.024646,0.008714
267,1.2117,0.0279686,0.008607
267,1.21854,0.0231828,0.008622
267,1.26832,0.0340505,0.008536
267,1.23168,0.0199018,0.008451
267,1.23905,0.0232843,0.00845
267,1.07558,0.032043,0.008462
267,1.19674,0.0221943,0.008593
267,1.14452,0.0273777,0.008513
267,1.15139,0.0186212,0.008476
267,1.15322,0.0201261,0.008478
267,1.22584,0.0203003,0.008495
267,1.33278,0.0266066,0.008391
267,1.06529,0.0219391,0.008486
267,1.22123,0.0220485,0.008447
267,1.14088,0.0159879,0.008413
268,1.36183,0.0235474,0.008549
268,1.24217,0.029613,0.008698
268,1.0886,0.0227937,0.008607
268,1.3239,0.0326388,0.008602
268,1.21785,0.0241988,0.008714
268,1.33536,0.0211094,0.008664
268,1.161,0.0223529,0.008644
268,1.18143,0.0199473,0.008645
268,1.22383,0.0182415,0.008633
268,1.21725,0.0278469,0.00862
268,1.18582,0.0236682,0.008528
268,1.17682,0.0208365,0.008586
268,1.36107,0.0253343,0.008523
268,1.29497,0.0226826,0.008528
268,1.28315,0.0243381,0.008562
268,1.31829,0.0291695,0.008584
268,1.1793,0.0204642,0.008552
268,1.14235,0.0293695,0.008615
268,1.12023,0.0210739,0.008571
268,1.18441,0.0234039,0.008535
269,1.27766,0.0261377,0.008654
269,1.22082,0.0208285,0.008635
269,1.29187,0.0242039,0.008656
269,1.12293,0.0261308,0.008676
269,1.04483,0.0266977,0.008742
269,1.16356,0.0203398,0.008726
269,1.18789,0.0197173,0.008757
269,1.16997,0.0212373,0.008772
269,1.26199,0.0170049,0.008707
269,1.26295,0.0216234,0.008669
269,1.17715,0.0240449,0.008648
269,1.23513,0.0279252,0.008667
269,1.33104,0.0199049,0.008629
269,1.20124,0.0282469,0.008565
269,1.22496,0.0226195,0.008613
269,1.28619,0.0230763,0.008656
269,1.25042,0.0215988,0.008602
269,1.22775,0.0180735,0.008603
269,1.3262,0.0270452,0.008586
269,1.18168,0.0186495,0.008665
270,1.18946,0.0195893,0.008624
270,1.20919,0.0282144,0.008743
270,1.24921,0.0192109,0.008831
270,1.12325,0.0217292,0.008689
270,1.15048,0.0227741,0.008699
270,1.18837,0.0240887,0.0087
270,1.16389,0.0224638,0.008772
270,1.18041,0.0268693,0.008799
270,1.08556,0.0155466,0.008674
270,1.27715,0.0242189,0.008628
270,1.22319,0.0189118,0.008687
270,1.09423,0.0195489,0.008739
270,1.20072,0.01688,0.008624
270,1.07186,0.0264824,0.00868
270,1.25033,0.0232254,0.008635
270,1.10626,0.0233906,0.008656
270,1.1414,0.0144713,0.008645
270,1.20436,0.0250759,0.008709
270,1.40043,0.0249294,0.008699
270,1.34799,0.0269445,0.008747
271,1.31524,0.0314007,0.008806
271,1.23454,0.0278058,0.008825
271,1.20399,0.0336334,0.008943
271,1.05939,0.0129933,0.008811
271,1.17219,0.0213291,0.008929
271,1.19263,0.0205052,0.008836
271,1.207,0.0193403,0.008763
271,1.41105,0.0221504,0.008798
271,1.14139,0.0177093,0.008833
271,1.23718,0.0219341,0.008727
271,1.16834,0.0225084,0.008813
271,1.13853,0.019506,0.008821
271,1.32809,0.0234059,0.008756
271,1.08624,0.0207901,0.008786
271,1.1203,0.0216836,0.008765
271,1.00595,0.0192937,0.008674
271,1.20743,0.0223582,0.00875
271,1.2043,0.0168244,0.008789
271,1.14627,0.019358,0.008785
271,1.24032,0.0236722,0.008766
272,1.19355,0.0378981,0.008784
272,1.37611,0.0212318,0.008841
272,1.16197,0.0277661,0.008884
272,1.11951,0.0231371,0.00908
272,1.25239,0.0176771,0.008945
272,1.23315,0.0201387,0.009026
272,1.37101,0.0326742,0.0089
272,1.20031,0.0232573,0.008916
272,1.14743,0.0285094,0.00889
272,1.15559,0.0195902,0.008913
272,1.2377,0.0329286,0.008845
272,1.22236,0.0240341,0.008842
272,1.16897,0.0183071,0.008815
272,1.18702,0.0342254,0.008878
272,1.13977,0.0170374,0.008787
272,1.10606,0.0210773,0.008978
272,1.30654,0.0174227,0.008801
272,1.30181,0.0212752,0.00887
272,1.11841,0.0254083,0.008894
272,1.1385,0.0207736,0.008859
273,1.17903,0.0353982,0.008898
273,1.19323,0.0268794,0.008914
273,1.31999,0.0188523,0.008942
273,1.22405,0.0262639,0.008972
273,1.23056,0.0189627,0.009148
273,1.18005,0.0209803,0.008986
273,1.27877,0.0283344,0.009002
273,1.0982,0.0239754,0.008882
273,1.15027,0.0250415,0.008962
273,1.29549,0.0188353,0.008968
273,1.28036,0.0205938,0.008939
273,1.24773,0.0216322,0.008826
273,1.10903,0.0248946,0.008945
273,1.17028,0.0330811,0.008904
273,1.34055,0.0220963,0.00893
273,1.31558,0.022133,0.008886
273,1.25414,0.0286019,0.008843
273,1.21028,0.0215996,0.008931
273,1.18698,0.0204201,0.008897
273,1.213,0.0187237,0.008994
274,1.22761,0.0356178,0.008977
274,1.23415,0.0201002,0.009001
274,1.16172,0.0220165,0.009071
274,1.11833,0.0205105,0.009123
274,1.32756,0.0316813,0.008984
274,1.25245,0.0246387,0.009177
274,1.24415,0.0193765,0.009158
274,1.11867,0.0220613,0.009098
274,1.29851,0.0229945,0.008994
274,1.12464,0.0201623,0.009001
274,1.19244,0.0206411,0.009021
274,1.12697,0.0212978,0.008932
274,1.11441,0.0215635,0.009032
274,1.20006,0.018613,0.009043
274,1.33578,0.02503,0.008936
274,1.16346,0.0322304,0.008968
274,1.16988,0.0189156,0.008961
274,1.1351,0.0173077,0.009192
274,1.12447,0.0212307,0.009024
274,1.17813,0.0227937,0.009001
275,1.22294,0.0194288,0.009149
275,1.21983,0.024826,0.009228
275,1.15841,0.0349244,0.009357
275,1.23653,0.0184088,0.009613
275,1.18153,0.0185665,0.009521
275,1.18342,0.0239701,0.009573
275,1.11591,0.0239762,0.009541
275,1.15234,0.0260922,0.00942
275,1.05661,0.024252,0.009273
275,1.32246,0.0288574,0.009252
275,1.16833,0.0194074,0.009273
275,1.17049,0.0199776,0.009267
275,1.18239,0.0221531,0.009134
275,1.26904,0.0235063,0.00918
275,1.27393,0.033183,0.009116
275,1.14087,0.018384,0.009169
275,1.17842,0.0247254,0.009181
275,1.07117,0.0237364,0.009142
275,1.07708,0.0180638,0.009157
275,1.18704,0.0164117,0.009083
276,1.05824,0.0435808,0.009159
276,1.15048,0.0179896,0.009164
276,1.29874,0.0214263,0.009145
276,1.22579,0.0204994,0.00922
276,1.14682,0.0232065,0.009235
276,1.20445,0.0265242,0.009222
276,1.25525,0.0259434,0.009387
276,1.17727,0.0178174,0.009207
276,1.28803,0.0195624,0.009181
276,1.1654,0.0186236,0.009221
276,1.23001,0.0220376,0.009161
276,1.17598,0.0159738,0.009143
276,1.17413,0.0331084,0.009054
276,1.26666,0.0174972,0.009193
276,1.25183,0.0246405,0.009173
276,1.24303,0.0179859,0.009154
276,1.1874,0.0203965,0.009209
276,1.13124,0.0174915,0.00911
276,1.20901,0.0239935,0.009349
276,1.16532,0.0219634,0.009102
277,1.12189,0.0176864,0.009152
277,1.25239,0.0185187,0.009293
277,1.27703,0.033373,0.009281
277,1.20708,0.0212177,0.009293
277,1.16728,0.0183539,0.009358
277,1.10791,0.0211381,0.009369
277,1.28622,0.0297169,0.009319
277,1.15687,0.0146447,0.009262
277,1.18415,0.0211775,0.009235
277,1.34187,0.0302593,0.009219
277,1.35922,0.0223185,0.00928
277,1.17303,0.0209306,0.009237
277,1.28302,0.0266569,0.009166
277,1.08215,0.0180154,0.009275
277,1.24083,0.0266779,0.009221
277,1.31216,0.0206313,0.009216
277,1.07907,0.0223249,0.009213
277,1.19505,0.0201127,0.009275
277,1.13725,0.0194955,0.009216
277,1.29303,0.019195,0.009152
278,1.14719,0.0197155,0.009201
278,1.1707,0.0227494,0.00921
278,1.23923,0.0215713,0.009167
278,1.29862,0.0331808,0.009321
278,1.30352,0.0383635,0.009428
278,1.16536,0.0208386,0.009357
278,1.13158,0.0234749,0.009383
278,1.16205,0.0187876,0.009517
278,1.31098,0.020104,0.009335
278,1.25711,0.0291863,0.009435
278,1.12942,0.0242736,0.009223
278,1.13131,0.0173089,0.009302
278,1.16843,0.0197761,0.009266
278,1.09002,0.0197035,0.009211
278,1.09946,0.0251258,0.009237
278,1.20541,0.0205061,0.009353
278,1.21931,0.0181304,0.009301
278,1.21444,0.0235927,0.009258
278,0.989166,0.0156891,0.009337
278,1.09396,0.0267451,0.009358
279,1.00567,0.0254072,0.009521
279,1.11166,0.0246506,0.009465
279,1.29601,0.0195147,0.009554
279,1.16692,0.0212906,0.009485
279,1.31862,0.0235618,0.009488
279,1.2539,0.0226295,0.009423
279,1.32504,0.0221882,0.009512
279,1.19261,0.0166415,0.009474
279,1.30779,0.0305601,0.009392
279,1.12825,0.0194345,0.009395
279,1.04911,0.0326534,0.009511
279,1.13774,0.0213287,0.009375
279,1.21097,0.0223027,0.009415
279,1.2926,0.019649,0.009374
279,1.11064,0.0239454,0.009533
279,1.29049,0.0240743,0.009401
279,1.25281,0.0267463,0.009356
279,1.18088,0.0192163,0.009418
279,1.13725,0.0205847,0.009389
279,1.069,0.0203168,0.009392
280,1.33605,0.0163968,0.009535
280,1.11346,0.0237524,0.009469
280,1.26117,0.0220691,0.009624
280,1.28046,0.0167706,0.009604
280,1.27134,0.0250891,0.009668
280,1.31335,0.0185511,0.009598
280,1.26085,0.0303824,0.009495
280,1.35243,0.0252994,0.009506
280,1.22281,0.0210251,0.009602
280,1.18604,0.0172168,0.00949
280,1.34102,0.0208138,0.009615
280,1.25622,0.0276585,0.009594
280,1.17193,0.0301423,0.009422
280,1.11274,0.016849,0.009469
280,1.23779,0.0203649,0.009467
280,1.24351,0.0184121,0.00947
280,1.24542,0.0235516,0.009465
280,1.16447,0.0223326,0.009502
280,1.19804,0.0193299,0.009398
280,1.2173,0.022548,0.009583
281,1.24702,0.0202803,0.009511
281,1.19894,0.017358,0.009636
281,1.23896,0.017799,0.009534
281,1.12386,0.0219597,0.009581
281,1.15829,0.0180027,0.009623
281,1.16229,0.0222027,0.009702
281,1.27807,0.0309991,0.009689
281,1.25863,0.0191651,0.009588
281,1.17605,0.0236248,0.009555
281,1.1934,0.0194109,0.009657
281,1.21375,0.0292989,0.009604
281,1.34584,0.0245114,0.009502
281,1.22631,0.0203928,0.009446
281,1.3097,0.0192993,0.009424
281,1.17037,0.0197537,0.009482
281,1.35431,0.0199506,0.009512
281,1.21077,0.0183153,0.009426
281,1.14201,0.0172556,0.009463
281,1.25,0.0225626,0.009672
281,1.22181,0.0188771,0.00961
282,1.26072,0.020672,0.009562
282,1.43153,0.0234722,0.009537
282,1.26381,0.0197925,0.009561
282,1.16074,0.0194404,0.00964
282,1.10258,0.0165733,0.009666
282,1.33056,0.0194518,0.009639
282,1.31836,0.0276194,0.009652
282,1.19967,0.0223719,0.009636
282,1.19341,0.0307316,0.009585
282,1.11363,0.0259683,0.009643
282,1.13282,0.0261735,0.009707
282,1.08781,0.0147072,0.009635
282,1.17996,0.0185244,0.009565
282,1.09756,0.0140712,0.009577
282,1.0744,0.0146148,0.009598
282,1.12393,0.0159437,0.00964
282,1.25693,0.0315408,0.009683
282,1.09132,0.0161036,0.009593
282,1.22328,0.0185028,0.00959
282,1.11516,0.017427,0.009679
283,1.20319,0.0241823,0.009721
283,1.16943,0.0276469,0.009711
283,1.1363,0.0182697,0.009705
283,1.25945,0.0239247,0.009794
283,1.2315,0.0168387,0.009716
283,1.16867,0.0227962,0.009698
283,1.21124,0.0211169,0.009735
283,1.19388,0.0266134,0.009767
283,1.20169,0.0176733,0.009711
283,1.39587,0.0263256,0.009755
283,1.3502,0.034953,0.009672
283,1.36333,0.0225391,0.009707
283,1.16417,0.0140882,0.009653
283,1.07473,0.0171703,0.00957
283,1.33929,0.0174977,0.009673
283,1.24696,0.0247952,0.009747
283,1.0907,0.0144015,0.010016
283,1.29961,0.0211112,0.00965
283,1.25448,0.0185728,0.009628
283,1.24475,0.0239524,0.009604
284,1.35896,0.0250847,0.009677
284,1.20895,0.0205445,0.009819
284,1.31541,0.0205243,0.009735
284,1.21998,0.0228689,0.009781
284,1.19071,0.0212255,0.009827
284,1.50682,0.0212139,0.009904
284,1.22428,0.0208166,0.009893
284,1.28596,0.0252629,0.009822
284,1.10794,0.0168167,0.009812
284,1.22146,0.0224454,0.009721
284,1.16826,0.0219761,0.009694
284,1.20458,0.0249772,0.009756
284,1.36083,0.0251334,0.009782
284,1.17757,0.0228729,0.009804
284,1.16827,0.0249589,0.009781
284,1.36314,0.024206,0.009734
284,1.41316,0.0206622,0.009805
284,1.26632,0.0213583,0.009703
284,1.31166,0.0342095,0.0097
284,1.20321,0.0191427,0.009748
285,1.21785,0.0229454,0.009779
285,1.19855,0.0161401,0.009753
285,1.23422,0.0202367,0.009902
285,1.24374,0.026761,0.009853
285,1.24103,0.0182541,0.009881
285,1.26442,0.0201539,0.009934
285,1.21769,0.0206057,0.009872
285,1.16634,0.0228204,0.009855
285,1.27344,0.0188287,0.009834
285,1.11975,0.0257755,0.009768
285,1.14088,0.0181818,0.009809
285,1.21246,0.0214548,0.009728
285,1.33338,0.0329426,0.00992
285,1.27351,0.0225972,0.009895
285,1.18248,0.017549,0.00979
285,1.278,0.0239335,0.009723
285,1.19568,0.0175605,0.009812
285,1.17423,0.0158637,0.00972
285,1.05684,0.0225663,0.009743
285,1.03574,0.0258359,0.009813
286,1.17585,0.0283771,0.009809
286,1.32357,0.0239595,0.009979
286,1.20165,0.0250373,0.009943
286,1.09063,0.0211578,0.010082
286,1.1452,0.0163403,0.010008
286,1.1407,0.0178806,0.010028
286,1.20539,0.0170128,0.009888
286,1.18066,0.0183865,0.00987
286,1.13843,0.0164418,0.010009
286,1.20402,0.0193473,0.00992
286,1.20773,0.0227678,0.009956
286,1.25983,0.0211331,0.009785
286,1.19468,0.0255224,0.009892
286,1.20892,0.0182936,0.009795
286,1.11324,0.0178117,0.009895
286,1.26333,0.0317565,0.009919
286,1.29943,0.0227763,0.009824
286,1.31399,0.0183433,0.009878
286,1.13133,0.0187755,0.009862
286,1.19045,0.0223146,0.009806
287,1.03971,0.0234897,0.009909
287,1.21953,0.0159482,0.009936
287,1.28589,0.0196749,0.009968
287,1.29213,0.0178292,0.010039
287,1.12391,0.0298057,0.009968
287,1.22283,0.0225885,0.010057
287,1.25719,0.0234376,0.010063
287,1.25174,0.0300895,0.009981
287,1.15422,0.0236734,0.010073
287,1.11699,0.021095,0.00997
287,1.11722,0.0224519,0.010004
287,1.19258,0.0169956,0.01017
287,1.21085,0.0260606,0.009955
287,1.14454,0.0253543,0.009899
287,1.17558,0.0243432,0.009934
287,1.2374,0.0196137,0.009924
287,1.34807,0.0353714,0.009903
287,1.22307,0.0299753,0.009978
287,1.24289,0.0199205,0.009927
287,1.25334,0.018568,0.009929
288,1.10402,0.01827,0.009918
288,1.27895,0.0234313,0.010037
288,1.27129,0.0199879,0.010186
288,1.23008,0.0302736,0.010157
288,1.17538,0.0193542,0.010328
288,1.16548,0.0207316,0.010113
288,1.10664,0.0183087,0.010226
288,1.18918,0.0186459,0.010075
288,1.26059,0.0246998,0.010331
288,1.20537,0.0212627,0.010085
288,1.28556,0.0182765,0.010049
288,1.26845,0.0187601,0.009996
288,1.18031,0.0233923,0.009994
288,1.15428,0.0174223,0.010036
288,1.23982,0.0187427,0.010048
288,1.24136,0.0268178,0.009964
288,1.30362,0.0232554,0.009985
288,1.10963,0.0248544,0.009939
288,1.12603,0.0196396,0.009994
288,1.16659,0.0198904,0.010051
289,1.16556,0.0202257,0.009994
289,1.36627,0.0256056,0.010205
289,1.17043,0.01872,0.010231
289,1.10111,0.0325398,0.010304
289,1.20294,0.0205156,0.010226
289,1.2002,0.0210942,0.010211
289,1.23669,0.0326475,0.010211
289,1.03629,0.0160547,0.010043
289,1.18213,0.0268752,0.010122
289,1.39897,0.0207513,0.010108
289,1.38664,0.0255762,0.010216
289,1.16158,0.0264829,0.010114
289,1.21311,0.0246356,0.010149
289,1.34741,0.0245355,0.010029
289,1.28881,0.0179142,0.010004
289,1.19253,0.0209557,0.010081
289,1.25081,0.0151924,0.01008
289,1.28217,0.0255609,0.010021
289,1.36803,0.0277519,0.010047
289,1.10756,0.0181023,0.010106
290,1.26223,0.0260913,0.010251
290,1.40108,0.0223835,0.010313
290,1.14775,0.0202363,0.010298
290,1.18312,0.0247984,0.010563
290,1.20581,0.0181064,0.010507
290,1.13355,0.0193976,0.01046
290,1.2111,0.0224425,0.010388
290,1.19728,0.0218362,0.010276
290,1.24544,0.0310485,0.010317
290,1.23838,0.0201249,0.010209
290,1.27997,0.0245473,0.010222
290,1.1744,0.0212144,0.010127
290,1.27629,0.0226111,0.010165
290,1.20346,0.0171814,0.010095
290,1.24481,0.0294263,0.010152
290,1.24571,0.0249742,0.010145
290,1.1558,0.0156053,0.010078
290,1.14283,0.0162382,0.010161
290,1.09583,0.0227891,0.01006
290,1.10084,0.0167548,0.010231
291,1.25252,0.0254234,0.01027
291,1.1339,0.0216512,0.010362
291,1.20422,0.0185601,0.010332
291,1.16258,0.0167092,0.010288
291,1.17403,0.0206161,0.010284
291,1.11946,0.019112,0.010261
291,1.30218,0.0174452,0.010376
291,1.22326,0.0175997,0.010263
291,1.22526,0.0230153,0.010382
291,1.17492,0.0209448,0.010656
291,1.0688,0.0183339,0.010684
291,1.33496,0.0301646,0.010695
291,1.11929,0.0174093,0.0106
291,1.23225,0.0228794,0.01069
291,1.14736,0.015652,0.01075
291,1.19699,0.0243664,0.010681
291,1.17589,0.0201874,0.010616
291,1.49972,0.0218933,0.010622
291,1.22799,0.0197716,0.010553
291,1.06229,0.021426,0.010442
292,1.26964,0.0182896,0.010489
292,1.23769,0.0236138,0.010564
292,1.19386,0.0184926,0.010541
292,1.13498,0.0175098,0.01068
292,1.07162,0.015444,0.010548
292,1.20114,0.0211274,0.010468
292,1.12262,0.0245229,0.01041
292,1.11393,0.0150425,0.010368
292,1.22627,0.0218311,0.010396
292,1.20809,0.0248453,0.010461
292,1.22161,0.0216831,0.01047
292,1.19878,0.0199859,0.01036
292,1.18927,0.0299883,0.010549
292,1.25311,0.0183664,0.01056
292,1.21496,0.0207203,0.010276
292,1.2075,0.0216044,0.010345
292,1.1998,0.018142,0.010331
292,1.19216,0.0202351,0.010529
292,1.27694,0.0214073,0.010283
292,1.1636,0.0172556,0.010457
293,1.15944,0.0199792,0.010395
293,1.10384,0.0195256,0.010431
293,1.23454,0.0211888,0.010564
293,1.22749,0.0291086,0.010624
293,1.26606,0.0186691,0.010675
293,1.14249,0.0195639,0.010547
293,1.17404,0.0180831,0.010576
293,1.13932,0.0202936,0.010466
293,1.20013,0.0235119,0.01043
293,1.28154,0.0232207,0.010393
293,1.19735,0.027246,0.010394
293,1.16834,0.0196413,0.010391
293,1.26532,0.0164018,0.010465
293,1.31472,0.0192773,0.010476
293,1.17638,0.0188093,0.010387
293,1.18729,0.0215514,0.010373
293,1.17584,0.027071,0.010386
293,1.01819,0.017818,0.010522
293,1.24925,0.031656,0.010402
293,1.20868,0.0313958,0.010386
294,1.23914,0.0239943,0.010492
294,1.08854,0.0177432,0.010599
294,1.0928,0.0169397,0.010561
294,1.21514,0.0189365,0.010512
294,1.19329,0.0188059,0.010594
294,1.18756,0.0244259,0.010511
294,1.17032,0.0160708,0.010573
294,1.23695,0.0233769,0.010531
294,1.24115,0.0253939,0.01055
294,1.19437,0.018026,0.010603
294,1.19015,0.020817,0.010556
294,1.24945,0.029627,0.010579
294,1.31947,0.0192926,0.010414
294,1.25199,0.0264275,0.010385
294,1.18116,0.0169898,0.010475
294,1.15957,0.0182777,0.010417
294,1.10802,0.0163769,0.010402
294,1.21798,0.0157681,0.010424
294,1.13478,0.0172019,0.010451
294,1.2354,0.0195756,0.010405
295,1.2228,0.0196329,0.010485
295,1.14605,0.020596,0.01059
295,1.18821,0.0225339,0.010797
295,1.15805,0.0222105,0.010603
295,1.27932,0.0189072,0.01075
295,1.25915,0.0186625,0.010796
295,1.24179,0.0271519,0.010785
295,1.14779,0.0211099,0.010653
295,1.06013,0.0202557,0.010634
295,1.08429,0.0153434,0.010495
295,1.06817,0.0185545,0.010635
295,1.20073,0.014425,0.01065
295,1.24726,0.0253189,0.010605
295,1.20943,0.0241149,0.010511
295,1.24553,0.0245594,0.010582
295,1.23664,0.0232595,0.010611
295,1.0451,0.0241216,0.01052
295,1.16811,0.0234081,0.010587
295,1.22674,0.0177048,0.010439
295,1.2516,0.0218642,0.010536
296,1.15008,0.0186781,0.010489
296,1.19327,0.0192504,0.01057
296,1.27169,0.0239377,0.010669
296,1.18515,0.0229946,0.010953
296,1.22042,0.0190561,0.010769
296,1.17958,0.0143811,0.010797
296,1.29546,0.0174575,0.010701
296,1.40423,0.0208193,0.010848
296,1.14882,0.0175812,0.010752
296,1.29027,0.0204446,0.010698
296,1.21942,0.0258899,0.010696
296,1.17674,0.0248342,0.010566
296,1.21549,0.0420182,0.010686
296,1.29449,0.0319144,0.010645
296,1.18705,0.0177432,0.010565
296,1.26794,0.0196811,0.010658
296,1.23159,0.02611,0.010544
296,1.18634,0.0318392,0.010624
296,1.2161,0.0194176,0.010597
296,1.25583,0.0220701,0.010656
297,1.2056,0.0203739,0.010582
297,1.23336,0.0169164,0.010809
297,1.2462,0.0188771,0.010732
297,1.27849,0.0188925,0.010828
297,1.26125,0.0197906,0.010815
297,1.10732,0.0178897,0.010723
297,1.12036,0.0209803,0.010925
297,1.30164,0.0248062,0.010819
297,1.19235,0.0229467,0.010724
297,1.21599,0.0217394,0.010744
297,1.27604,0.0197522,0.01078
297,1.23997,0.0179885,0.010938
297,1.19372,0.0203365,0.010795
297,1.12818,0.0173759,0.010753
297,1.21571,0.0210054,0.010685
297,1.21694,0.0262924,0.010721
297,1.28049,0.0205187,0.010613
297,1.14377,0.0159808,0.010651
297,1.1743,0.0255345,0.010712
297,1.22951,0.0213449,0.010728
298,1.23103,0.0180663,0.011025
298,1.23727,0.0245858,0.010879
298,1.27965,0.0241239,0.010766
298,1.21236,0.0213102,0.010974
298,1.15415,0.0204999,0.010742
298,1.16091,0.0249052,0.010916
298,1.28914,0.0243948,0.010985
298,1.12534,0.0207512,0.010802
298,1.18459,0.0196623,0.010828
298,1.24216,0.0200753,0.010775
298,1.09245,0.0185399,0.010906
298,1.22746,0.0183294,0.010808
298,1.2266,0.0164927,0.010825
298,1.14843,0.0182839,0.010779
298,1.0925,0.0208079,0.010751
298,1.14608,0.0168428,0.010743
298,1.18186,0.0191313,0.01087
298,1.29745,0.0208951,0.010769
298,1.2845,0.0297856,0.010769
298,1.1471,0.0239137,0.010696
299,1.17949,0.0168862,0.010784
299,1.27584,0.0198437,0.010882
299,1.19512,0.0222814,0.01114
299,1.21282,0.0181613,0.011113
299,1.07743,0.0198056,0.011063
299,1.20418,0.0177992,0.010946
299,1.22949,0.0308366,0.01091
299,1.19083,0.0188708,0.010877
299,1.24087,0.031524,0.010923
299,1.30111,0.0239741,0.01092
299,1.26088,0.022679,0.011121
299,1.09811,0.0153136,0.010902
299,1.21595,0.0227177,0.010935
299,1.15534,0.017137,0.010917
299,1.10318,0.018406,0.010932
299,1.18445,0.0184251,0.010789
299,1.26986,0.0197584,0.010806
299,1.23482,0.022089,0.010896
299,1.19165,0.013358,0.010859
299,1.16156,0.0198046,0.010911
300,1.07992,0.0162947,0.01103
300,1.18632,0.0256344,0.010928
300,1.26875,0.0254488,0.011061
300,1.28529,0.0154784,0.011057
300,1.19388,0.0277719,0.011043
300,1.28008,0.0180189,0.011068
300,1.13253,0.0167367,0.011035
300,1.18536,0.0190954,0.011015
300,1.16243,0.0272644,0.01096
300,1.21139,0.0238993,0.010972
300,1.30209,0.0184234,0.011068
300,1.28733,0.0246299,0.010987
300,1.2421,0.0157528,0.010989
300,1.20175,0.0176457,0.011041
300,1.08851,0.014588,0.011268
300,1.20591,0.0202208,0.011065
300,1.30402,0.0229485,0.01103
300,1.10626,0.0170837,0.011086
300,1.20679,0.0185998,0.010881
300,1.12935,0.0194865,0.01103
301,1.1095,0.0229516,0.010935
301,1.14306,0.0187003,0.011212
301,1.24464,0.0161881,0.01125
301,1.24486,0.0166346,0.0111
301,1.29365,0.0172536,0.011105
301,1.1828,0.0179419,0.011124
301,1.09053,0.0212785,0.011086
301,1.20406,0.018172,0.011266
301,1.14653,0.0160944,0.011021
301,1.17821,0.016149,0.011014
301,1.01031,0.014781,0.010967
301,1.13573,0.0185768,0.010972
301,1.21498,0.022909,0.010981
301,1.22741,0.0206173,0.011027
301,1.15956,0.0201302,0.011125
301,1.15061,0.0248245,0.011022
301,1.18498,0.0192359,0.011094
301,1.21121,0.0180389,0.011007
301,1.1136,0.019405,0.010988
301,1.17035,0.0225104,0.011098
302,1.22532,0.0233976,0.011113
302,1.06367,0.0273865,0.01119
302,1.27812,0.0192329,0.011511
302,1.1895,0.0217314,0.011303
302,1.14645,0.0259042,0.01139
302,1.22322,0.0200313,0.0113
302,1.24392,0.0180881,0.011524
302,1.26728,0.0238129,0.011232
302,1.20653,0.0166128,0.011195
302,1.30442,0.0210889,0.011098
302,1.25054,0.0239374,0.011065
302,1.2803,0.0238566,0.011075
302,1.25373,0.0269312,0.011028
302,1.10714,0.0148479,0.011021
302,1.29075,0.0270423,0.011061
302,1.12185,0.0183874,0.011106
302,1.29541,0.0230139,0.011266
302,1.21023,0.0191926,0.011157
302,1.1749,0.0171579,0.011034
302,1.24437,0.0180649,0.011135
303,1.21641,0.0223419,0.011103
303,1.27841,0.0308835,0.011381
303,1.17098,0.0231429,0.011448
303,1.11981,0.0164488,0.011494
303,1.26068,0.0333581,0.0116
303,1.12137,0.0177811,0.011359
303,1.15934,0.0201006,0.011267
303,1.30051,0.0234813,0.01118
303,1.32902,0.0214857,0.011305
303,1.19742,0.0223751,0.011209
303,1.20403,0.0202106,0.011176
303,1.16002,0.0153208,0.011259
303,1.22258,0.0188774,0.011144
303,1.20045,0.0169471,0.011166
303,1.19891,0.0166548,0.011111
303,1.14198,0.0187934,0.011105
303,1.15232,0.017189,0.011267
303,1.32073,0.0207481,0.011288
303,1.09472,0.0312489,0.011171
303,1.29733,0.0173905,0.011233
304,1.17162,0.0212908,0.01123
304,1.14656,0.0205825,0.011382
304,1.13861,0.0190375,0.011538
304,1.24117,0.0321053,0.011361
304,1.25564,0.0161462,0.011378
304,1.16229,0.0183815,0.011373
304,1.33731,0.0197154,0.011441
304,1.18844,0.0179767,0.011311
304,1.19102,0.0220298,0.011358
304,1.20398,0.0249528,0.011191
304,1.12066,0.0172252,0.011311
304,1.22325,0.0160127,0.011191
304,1.08584,0.0176167,0.011227
304,1.19596,0.0214849,0.011166
304,1.09283,0.0161634,0.011206
304,1.19916,0.023728,0.011226
304,1.25412,0.0169705,0.011171
304,1.15292,0.0222966,0.011374
304,1.21737,0.0189768,0.011347
304,1.12805,0.0203529,0.01117
305,1.20859,0.0198274,0.011342
305,1.26022,0.0182771,0.011699
305,1.13047,0.0235914,0.011593
305,1.20041,0.0231019,0.011517
305,1.20052,0.0297403,0.01153
305,1.08771,0.018319,0.011536
305,1.28987,0.0143994,0.011467
305,1.18637,0.014054,0.011425
305,1.30299,0.0189916,0.011289
305,1.20978,0.0193849,0.011569
305,1.14534,0.0177069,0.011399
305,1.20901,0.0175657,0.011428
305,1.15333,0.0257049,0.01136
305,1.2755,0.0256442,0.011506
305,1.1546,0.0217276,0.011375
305,1.177,0.0201556,0.011314
305,1.16989,0.012977,0.011278
305,1.27568,0.0170848,0.011307
305,1.13011,0.0194984,0.011421
305,1.16286,0.019017,0.011284
306,1.16552,0.0205528,0.011317
306,1.16021,0.0169356,0.011483
306,1.0548,0.0186606,0.011536
306,1.28315,0.0163458,0.011551
306,1.30482,0.0201267,0.011574
306,1.29656,0.017744,0.011486
306,1.25536,0.0220552,0.011528
306,1.2475,0.0231674,0.011369
306,1.46136,0.0233004,0.011459
306,1.136,0.0177646,0.011355
306,1.21334,0.0224305,0.011439
306,1.24942,0.0187869,0.011356
306,1.21357,0.0204906,0.011473
306,1.27132,0.0291234,0.011598
306,1.24106,0.021993,0.011492
306,1.29707,0.015064,0.01134
306,1.173,0.0173217,0.01144
306,1.23106,0.0233291,0.01144
306,1.24015,0.0209888,0.01134
306,1.22593,0.025972,0.011258
307,1.23853,0.017233,0.011425
307,1.14988,0.0309335,0.011554
307,1.03392,0.0138141,0.011524
307,1.1809,0.0181508,0.011847
307,1.13932,0.0159141,0.011631
307,1.20913,0.0181713,0.011629
307,1.15201,0.0321844,0.011666
307,1.28374,0.0200407,0.011589
307,1.22156,0.0203563,0.011531
307,1.2165,0.023856,0.011551
307,1.16564,0.0221719,0.01154
307,1.13434,0.0164176,0.011566
307,1.24635,0.0197227,0.011553
307,1.21532,0.0243191,0.011436
307,1.11232,0.0225032,0.011515
307,1.16195,0.0321989,0.011738
307,1.2445,0.0163046,0.011532
307,1.20168,0.0190675,0.011534
307,1.17877,0.0252436,0.011414
307,1.19256,0.0143903,0.011416
308,1.25512,0.0231454,0.011595
308,1.16465,0.0163009,0.011686
308,1.28736,0.0215986,0.011803
308,1.18647,0.0155962,0.011974
308,1.17078,0.0195077,0.01229
308,1.22541,0.0338086,0.012324
308,1.11529,0.0187669,0.012421
308,1.06903,0.0154696,0.012352
308,1.19163,0.015444,0.012108
308,1.24939,0.018696,0.012098
308,1.24564,0.0182088,0.012214
308,1.17504,0.019419,0.01192
308,1.20723,0.0230504,0.011996
308,1.23349,0.0241282,0.011759
308,1.1161,0.0285129,0.011817
308,1.23981,0.0224623,0.011905
308,1.41001,0.020012,0.011736
308,1.17151,0.0219535,0.011745
308,1.17085,0.0146057,0.011659
308,1.19054,0.0219422,0.011579
309,1.28887,0.0173571,0.011758
309,1.2269,0.0141767,0.012082
309,1.16582,0.0155925,0.012075
309,1.14828,0.021762,0.012044
309,1.24439,0.0169711,0.011918
309,1.20183,0.0179695,0.011824
309,1.16217,0.0221954,0.011785
309,1.1777,0.0282469,0.011697
309,1.162,0.0247547,0.011744
309,1.12955,0.0155533,0.01172
309,1.22412,0.0224263,0.011741
309,1.35483,0.0200684,0.011718
309,1.23037,0.0160481,0.011615
309,1.26376,0.0273205,0.011706
309,1.25604,0.0183467,0.011727
309,1.27983,0.0177209,0.011656
309,1.27051,0.0241045,0.011648
309,1.15748,0.0184104,0.011741
309,1.2313,0.0180053,0.011633
309,1.21825,0.0148443,0.01169
310,1.23439,0.0277359,0.011779
310,1.24172,0.0194436,0.011735
310,1.11195,0.0200443,0.012024
310,1.15846,0.0200779,0.012012
310,1.29271,0.0239898,0.011837
310,1.20315,0.022064,0.011883
310,1.18914,0.0241437,0.011843
310,1.15485,0.0213155,0.011884
310,1.29847,0.0223582,0.011907
310,1.30219,0.0229179,0.011798
310,1.17685,0.017496,0.011771
310,1.20118,0.0168536,0.011698
310,1.25204,0.0206496,0.011749
310,1.20095,0.0167989,0.011723
310,1.10234,0.0164545,0.011659
310,1.16145,0.0187855,0.011756
310,1.0284,0.0153715,0.011737
310,1.20264,0.0245676,0.011804
310,1.07621,0.0239902,0.011747
310,1.25436,0.0194815,0.011789
311,1.19706,0.0267045,0.011747
311,1.25969,0.0216171,0.011865
311,1.16982,0.0205639,0.011872
311,1.21778,0.0209897,0.012027
311,1.05907,0.0141121,0.01199
311,1.18292,0.016707,0.011895
311,1.09854,0.0239846,0.011898
311,1.27552,0.0342108,0.011834
311,1.13887,0.0159123,0.011797
311,1.11678,0.016329,0.012015
311,1.2035,0.0151922,0.011814
311,1.15708,0.0197141,0.011837
311,1.02007,0.02154,0.011902
311,1.23175,0.0174654,0.011812
311,1.15648,0.0166538,0.011788
311,1.18293,0.0193628,0.011754
311,1.27251,0.0318013,0.011839
311,1.25086,0.0165422,0.011832
311,1.20621,0.0281743,0.011837
311,1.26443,0.0242772,0.01182
312,1.26212,0.0244378,0.011857
312,1.23184,0.0217672,0.011893
312,1.16578,0.0217921,0.012076
312,1.13803,0.0166859,0.011871
312,1.26224,0.0198525,0.011944
312,1.17582,0.0194814,0.012077
312,1.34431,0.022004,0.011963
312,1.11528,0.0151569,0.011961
312,1.25963,0.0203577,0.01191
312,1.30548,0.0200473,0.01189
312,1.13005,0.0164555,0.011997
312,1.28902,0.0231479,0.011909
312,1.11814,0.0139372,0.011868
312,1.3616,0.0169318,0.011869
312,1.30571,0.0248509,0.011863
312,1.21344,0.01765,0.011953
312,1.14586,0.0157052,0.01198
312,1.10864,0.0173623,0.011916
312,1.21227,0.0205983,0.011889
312,1.26972,0.0203052,0.011897
313,1.15529,0.0168818,0.011926
313,1.38389,0.0204053,0.011959
313,1.28103,0.0169157,0.012047
313,1.27038,0.0203771,0.012179
313,1.40772,0.0192894,0.012092
313,1.24768,0.0164562,0.012092
313,1.19625,0.0205401,0.012059
313,1.27788,0.0201007,0.011981
313,1.09303,0.0137537,0.012054
313,1.15539,0.0173793,0.012026
313,1.07681,0.0158712,0.011958
313,1.19112,0.0167079,0.01202
313,1.17847,0.0160274,0.011973
313,1.1984,0.0203286,0.012099
313,1.14048,0.0150202,0.012007
313,1.1741,0.0224318,0.01199
313,1.14906,0.0177754,0.012032
313,1.25731,0.0404971,0.011943
313,1.18027,0.0197325,0.01214
313,1.30374,0.0203115,0.011942
314,1.20257,0.019493,0.012055
314,1.2075,0.0262008,0.012075
314,1.20549,0.034795,0.012516
314,1.09833,0.016627,0.012195
314,1.30237,0.0217791,0.012242
314,1.11429,0.0152439,0.01216
314,1.19794,0.0182113,0.012151
314,1.23497,0.023337,0.01211
314,1.12729,0.020147,0.012021
314,1.21511,0.0234721,0.012146
314,1.21512,0.0177062,0.012051
314,1.13298,0.0193904,0.011989
314,1.06456,0.0187077,0.012356
314,1.43389,0.0216852,0.012052
314,1.27005,0.019674,0.012045
314,1.18496,0.0183315,0.01204
314,1.14375,0.0182246,0.011993
314,1.15639,0.0185649,0.01212
314,1.17541,0.0184187,0.012018
314,1.10413,0.0154514,0.012004
315,1.30928,0.0180229,0.012082
315,1.16713,0.0252491,0.012119
315,1.26917,0.0282954,0.012141
315,1.23138,0.0232684,0.012457
315,1.31863,0.0234144,0.012407
315,1.23132,0.0178004,0.012333
315,1.21225,0.0213347,0.012251
315,1.23334,0.0180487,0.012128
315,1.17222,0.01953,0.012237
315,1.33597,0.0285285,0.012192
315,1.22193,0.0208565,0.012092
315,1.23345,0.0194934,0.012146
315,1.25786,0.0194221,0.01216
315,1.30673,0.0158977,0.012175
315,1.25476,0.0248955,0.012124
315,1.18831,0.0175275,0.01218
315,1.25499,0.0234492,0.012288
315,1.18271,0.0160008,0.012111
315,1.18879,0.0145896,0.012091
315,1.14294,0.0193929,0.012069
316,1.21141,0.0226911,0.012257
316,1.20171,0.0240913,0.012463
316,1.12109,0.0155179,0.012322
316,1.13701,0.0241849,0.012486
316,1.18815,0.0132709,0.012556
316,1.14782,0.0212128,0.012332
316,1.28267,0.0232689,0.012392
316,1.28392,0.0209649,0.012564
316,1.2495,0.0218365,0.012248
316,1.35054,0.0205029,0.012195
316,1.21355,0.0198647,0.012337
316,1.22377,0.0167416,0.012255
316,1.2022,0.0162293,0.012219
316,1.2599,0.0149587,0.012248
316,1.17784,0.0162696,0.012262
316,1.17115,0.0176228,0.012187
316,1.25227,0.0166483,0.012082
316,1.08959,0.0143927,0.012244
316,1.21861,0.016681,0.012335
316,1.08843,0.0176272,0.012405
317,1.04326,0.0245133,0.012384
317,1.21721,0.021206,0.012521
317,1.26328,0.0184762,0.012755
317,1.2459,0.0173857,0.01251
317,1.2159,0.020268,0.012541
317,1.25275,0.0242829,0.012499
317,1.12649,0.0223968,0.012508
317,1.20977,0.0165483,0.01268
317,1.25467,0.0205677,0.012488
317,1.25948,0.0164205,0.012427
317,1.26815,0.0187438,0.012385
317,1.08127,0.016713,0.012311
317,1.12527,0.0179038,0.012384
317,1.15006,0.0207594,0.012308
317,1.22437,0.0171682,0.012425
317,1.1807,0.0208704,0.012298
317,1.24006,0.015169,0.012302
317,1.12143,0.016384,0.012291
317,1.23869,0.0208077,0.012341
317,1.07264,0.0187412,0.012603
318,1.21368,0.0185643,0.012514
318,1.19488,0.0176986,0.012505
318,1.27143,0.0188958,0.012512
318,1.14774,0.0213742,0.012695
318,1.19391,0.0214076,0.012609
318,1.17759,0.0172296,0.012485
318,1.21707,0.0190158,0.012583
318,1.14157,0.0223765,0.012541
318,1.07137,0.0199507,0.012501
318,1.29028,0.0221834,0.012489
318,1.26711,0.0216316,0.012727
318,1.23919,0.0163798,0.012357
318,1.1198,0.0222413,0.012491
318,1.24465,0.0177242,0.012378
318,1.17138,0.0272091,0.012426
318,1.21521,0.0208139,0.012398
318,1.21055,0.0200573,0.012374
318,1.21911,0.0236068,0.012488
318,1.12682,0.0152025,0.01247
318,1.2383,0.0200229,0.012372
319,1.19695,0.0226775,0.012536
319,1.17343,0.024333,0.012732
319,1.14398,0.015032,0.012803
319,1.27916,0.0170918,0.012681
319,1.163,0.0216318,0.012709
319,1.22679,0.0149342,0.012612
319,1.16793,0.0171072,0.012489
319,1.16348,0.0153751,0.012671
319,1.23399,0.0177323,0.012582
319,1.14859,0.0174353,0.012534
319,1.27269,0.0244225,0.012555
319,1.21379,0.0187111,0.012442
319,1.12893,0.0198851,0.01248
319,1.25298,0.019678,0.012453
319,1.24449,0.0232977,0.012431
319,1.12117,0.0155725,0.012458
319,1.15703,0.0217022,0.012542
319,1.23751,0.0185402,0.012395
319,1.18377,0.0179447,0.012574
319,1.28995,0.0150163,0.012492
320,1.31347,0.0243816,0.012635
320,1.07735,0.0175347,0.01287
320,1.28873,0.0231893,0.012803
320,1.12918,0.0246399,0.012799
320,1.25575,0.0175289,0.013067
320,1.19387,0.0304737,0.012966
320,1.06081,0.0119594,0.012523
320,1.21951,0.0236451,0.012504
320,1.33225,0.0211973,0.012552
320,1.24769,0.0218338,0.012574
320,1.14708,0.0148466,0.012607
320,1.19301,0.0202272,0.012544
320,1.1996,0.0182851,0.012639
320,1.20428,0.0189055,0.012704
320,1.2189,0.0223716,0.012535
320,1.15642,0.0207354,0.012571
320,1.22607,0.0158612,0.012656
320,1.101,0.0182845,0.01251
320,1.17303,0.0155315,0.012518
320,1.05268,0.0316324,0.012652
321,1.14505,0.0233308,0.01264
321,1.18918,0.0164599,0.013064
321,1.2751,0.0175416,0.01279
321,1.15559,0.0146771,0.012781
321,1.19287,0.0189356,0.012803
321,1.22502,0.0153343,0.012811
321,1.16241,0.0185104,0.012701
321,1.17274,0.0158927,0.012665
321,1.1829,0.0198255,0.012624
321,1.1671,0.0202387,0.012592
321,1.13786,0.0201562,0.012676
321,1.16926,0.0172257,0.012765
321,1.13641,0.0194214,0.012633
321,1.2192,0.0172725,0.012628
321,1.15044,0.0239688,0.01257
321,1.17094,0.0172984,0.012554
321,1.22482,0.018105,0.01255
321,1.19047,0.0200287,0.012684
321,1.24626,0.0222905,0.012654
321,1.27658,0.01912,0.012607
322,1.18224,0.0304678,0.012792
322,1.15179,0.0191555,0.012713
322,1.20439,0.017033,0.012909
322,1.16919,0.0182788,0.012918
322,1.35969,0.0181357,0.012775
322,1.08438,0.0180557,0.013257
322,1.31588,0.0216863,0.012935
322,1.26485,0.0177225,0.012871
322,1.21283,0.0182709,0.012846
322,1.21018,0.0235119,0.012941
322,1.24547,0.0283497,0.012777
322,1.2306,0.0207987,0.012737
322,1.28403,0.0249017,0.012776
322,1.1498,0.0150263,0.012668
322,1.14828,0.0170061,0.012719
322,1.14034,0.0193256,0.012868
322,1.07352,0.0298846,0.012668
322,1.11558,0.013837,0.012853
322,1.05953,0.0160275,0.012753
322,1.23559,0.0167949,0.012776
323,1.21747,0.0150321,0.012856
323,1.2251,0.0235452,0.012972
323,1.28999,0.0176284,0.013056
323,1.20311,0.0168364,0.013268
323,1.17845,0.0157885,0.013192
323,1.19219,0.0201412,0.012942
323,1.18976,0.0175218,0.012993
323,1.12191,0.0141146,0.013024
323,1.08958,0.0155463,0.012796
323,1.0953,0.0188352,0.012809
323,1.22266,0.023088,0.012853
323,1.13696,0.0144602,0.012798
323,1.20647,0.0164128,0.012985
323,1.31743,0.0165796,0.012904
323,1.10173,0.0212458,0.012749
323,1.16053,0.0179544,0.012974
323,1.07339,0.021173,0.012756
323,1.13424,0.0182873,0.012819
323,1.1849,0.0181822,0.012714
323,1.24094,0.0206304,0.012845
324,1.14046,0.0228459,0.01282
324,1.15584,0.0137114,0.013053
324,1.13128,0.0157572,0.013221
324,1.24745,0.016936,0.013223
324,1.1319,0.0153151,0.013211
324,1.28334,0.0226474,0.013082
324,1.18567,0.0194596,0.013227
324,1.17219,0.0182663,0.013012
324,1.23285,0.0229212,0.012911
324,1.32308,0.025096,0.012962
324,1.18339,0.021815,0.013145
324,1.23747,0.0198597,0.012867
324,1.19477,0.0203043,0.01295
324,1.31057,0.0176203,0.012839
324,1.30292,0.0172849,0.012938
324,1.20684,0.018168,0.013034
324,1.12674,0.0184404,0.013238
324,1.1631,0.015662,0.012991
324,1.24751,0.0307442,0.012981
324,1.25171,0.0194814,0.012964
325,1.28221,0.0187531,0.013076
325,1.09224,0.0174996,0.013051
325,1.30348,0.0162152,0.013308
325,1.20604,0.0158475,0.013345
325,1.26992,0.014984,0.01326
325,1.19333,0.0147604,0.013214
325,1.3266,0.0226596,0.012989
325,1.13234,0.0220853,0.012921
325,1.2607,0.0226643,0.013077
325,1.20707,0.0155884,0.01301
325,1.27622,0.0177314,0.013036
325,1.19962,0.0177914,0.012997
325,1.27845,0.0158379,0.012926
325,1.33192,0.0272662,0.012914
325,1.30036,0.0251275,0.012937
325,1.08961,0.0134832,0.013033
325,1.16055,0.0214769,0.013117
325,1.26585,0.0181419,0.013046
325,1.07498,0.0132451,0.012949
325,1.19726,0.0189153,0.012997
326,1.18095,0.0184962,0.013097
326,1.1657,0.0242211,0.013116
326,1.13046,0.0236281,0.013225
326,1.15811,0.0146531,0.013192
326,1.04501,0.0137499,0.013288
326,1.13992,0.0212609,0.013379
326,1.23394,0.0227536,0.013279
326,1.1551,0.0165398,0.013091
326,1.26633,0.0214946,0.013103
326,1.08043,0.0146779,0.013159
326,1.19479,0.0187301,0.013037
326,1.27676,0.0147946,0.013151
326,1.24643,0.0187403,0.012977
326,1.25243,0.0152049,0.013084
326,1.27052,0.0216935,0.013086
326,1.10309,0.0246374,0.013135
326,1.13802,0.013096,0.013166
326,1.08568,0.0163266,0.013067
326,1.17822,0.0193179,0.013049
326,1.2334,0.0202365,0.013044
327,1.17376,0.0179824,0.012997
327,1.24366,0.0197136,0.013229
327,1.19229,0.0172278,0.013357
327,1.28407,0.02261,0.013407
327,1.18209,0.0229542,0.013412
327,1.32483,0.0216452,0.013382
327,1.13155,0.0178183,0.01328
327,1.29644,0.0221922,0.013224
327,1.23619,0.0174028,0.013273
327,1.30999,0.0179617,0.013204
327,1.02744,0.0200835,0.013204
327,1.29584,0.019365,0.013233
327,1.23106,0.0218935,0.013058
327,1.04687,0.0157944,0.013109
327,1.14053,0.0133548,0.01309
327,1.2105,0.0155237,0.013077
327,1.15027,0.0177682,0.013198
327,1.28052,0.0179877,0.013176
327,1.27203,0.0229572,0.013231
327,1.24975,0.0203388,0.013241
328,1.17352,0.0301988,0.013234
328,1.3011,0.0172327,0.013594
328,1.2249,0.013125,0.01366
328,1.22204,0.0173152,0.013502
328,1.21458,0.0148228,0.013445
328,1.12774,0.0272534,0.013284
328,1.29567,0.0141452,0.013456
328,1.17408,0.0211426,0.013389
328,1.20652,0.0172021,0.0133
328,1.20074,0.020511,0.013208
328,1.25,0.0189454,0.013193
328,1.21723,0.0225418,0.013257
328,1.18046,0.0200952,0.013283
328,1.11011,0.0150179,0.013129
328,1.01645,0.0176466,0.013179
328,1.29332,0.012581,0.01312
328,1.19078,0.0196175,0.013145
328,1.20014,0.0163351,0.013214
328,1.3869,0.0163989,0.013378
328,1.19432,0.0203452,0.013249
329,1.23613,0.0156817,0.013293
329,1.19378,0.016537,0.013614
329,1.22169,0.0148675,0.013807
329,1.12589,0.0186238,0.014066
329,1.20553,0.0176009,0.013581
329,1.23345,0.0237176,0.013356
329,1.1734,0.0167493,0.013316
329,1.10919,0.0148914,0.013385
329,1.1678,0.0303255,0.013371
329,1.19791,0.0182701,0.013393
329,1.26777,0.014639,0.013416
329,1.2467,0.0146167,0.013332
329,1.22242,0.0198596,0.013271
329,1.12756,0.0143413,0.013502
329,1.24503,0.0191788,0.013348
329,1.15774,0.0200362,0.013338
329,1.19471,0.0282488,0.013446
329,1.43596,0.0200059,0.013344
329,1.28089,0.016582,0.013263
329,1.22524,0.0178669,0.013385
330,1.25807,0.0180012,0.013396
330,1.2111,0.0181774,0.013434
330,1.19873,0.017284,0.013671
330,1.19613,0.0155883,0.013687
330,1.14793,0.0170192,0.013586
330,1.18389,0.0223218,0.01355
330,1.26954,0.0183702,0.01352
330,1.12399,0.0164807,0.013455
330,1.2035,0.0181345,0.013608
330,1.18128,0.0198013,0.013462
330,1.11066,0.015427,0.013373
330,1.10398,0.0149043,0.013399
330,1.16982,0.0216468,0.013331
330,1.27188,0.0192088,0.013409
330,1.10443,0.0203982,0.013314
330,1.18534,0.018959,0.013503
330,1.20745,0.0211397,0.013302
330,1.32258,0.0210721,0.01342
330,1.18479,0.0132942,0.013418
330,1.22707,0.0164074,0.013395
331,1.12561,0.0158649,0.013594
331,1.02596,0.01255,0.013957
331,1.27627,0.0175792,0.013761
331,1.16701,0.0164723,0.01384
331,1.11572,0.0184488,0.013671
331,1.18348,0.018315,0.013582
331,1.15165,0.0242655,0.013569
331,1.22975,0.0158655,0.013521
331,1.18207,0.0230227,0.013503
331,1.19558,0.0170917,0.013503
331,1.1958,0.0174441,0.013557
331,1.26625,0.0217388,0.0135
331,1.27548,0.0192162,0.013533
331,1.20244,0.0189607,0.013512
331,1.22436,0.0167311,0.013449
331,1.37572,0.0188307,0.013444
331,1.2267,0.0191933,0.013581
331,1.23173,0.0175418,0.013398
331,1.24288,0.0223542,0.013388
331,1.01332,0.0120855,0.013374
332,1.23696,0.0140111,0.013507
332,1.15944,0.016712,0.013924
332,1.23046,0.0172715,0.013761
332,1.20879,0.0129856,0.014004
332,1.1187,0.0245999,0.013858
332,1.22498,0.0135747,0.013762
332,1.1702,0.0214672,0.013698
332,1.06989,0.0151505,0.013563
332,1.22079,0.0158687,0.013628
332,1.0901,0.016249,0.013614
332,1.18689,0.0178731,0.013778
332,1.19421,0.02259,0.013676
332,1.21036,0.0183187,0.013534
332,1.03988,0.0171722,0.013693
332,1.25197,0.020407,0.013658
332,1.20242,0.0179091,0.013712
332,1.30188,0.0207586,0.013537
332,1.3618,0.0263361,0.01362
332,1.30275,0.0224856,0.013663
332,1.18524,0.0202645,0.013509
333,1.23663,0.0235172,0.013837
333,1.23108,0.0222961,0.013806
333,1.17084,0.0210709,0.014049
333,1.17375,0.0232184,0.013946
333,1.04423,0.0227546,0.013971
333,1.16722,0.0215186,0.014137
333,1.19359,0.0162707,0.013867
333,1.20461,0.01643,0.013773
333,1.14936,0.0153312,0.013694
333,1.2491,0.0280604,0.013662
333,1.15347,0.0171888,0.013685
333,1.13978,0.0166112,0.013715
333,1.21386,0.0228907,0.013706
333,1.2008,0.0148538,0.013542
333,1.21588,0.0176766,0.013711
333,1.28958,0.0189183,0.013702
333,1.11563,0.0197411,0.01364
333,1.30651,0.0154167,0.013555
333,1.22789,0.0176529,0.013729
333,1.19455,0.0162724,0.013583
334,1.24788,0.0196911,0.013759
334,1.25062,0.0166756,0.013719
334,1.23501,0.0149147,0.013975
334,1.21806,0.0148598,0.013981
334,1.28014,0.0223716,0.014078
334,1.1452,0.0193436,0.013914
334,1.2705,0.0155836,0.014039
334,1.22291,0.0166015,0.013847
334,1.27249,0.0212379,0.013677
334,1.26026,0.0154261,0.013687
334,1.22435,0.0154718,0.013617
334,1.25679,0.014376,0.013762
334,1.17569,0.0185732,0.01394
334,1.13552,0.0137845,0.013845
334,1.18763,0.0210606,0.013883
334,1.32398,0.0208793,0.013742
334,1.25638,0.0216016,0.013759
334,1.29106,0.01964,0.013637
334,1.21868,0.0212186,0.013707
334,1.22589,0.0208788,0.013713
335,1.1767,0.0170301,0.013971
335,1.24988,0.0234759,0.013783
335,1.21953,0.0211015,0.014163
335,1.22075,0.0252282,0.014186
335,1.29279,0.0189779,0.013943
335,1.22475,0.0175891,0.014087
335,1.28449,0.0154487,0.013966
335,1.25582,0.0184226,0.014058
335,1.16962,0.0149408,0.013836
335,1.18002,0.0187115,0.013827
335,1.10082,0.0364244,0.013947
335,1.30116,0.0177708,0.013947
335,1.2068,0.015217,0.013863
335,1.19223,0.0182018,0.013858
335,1.23237,0.0214721,0.013928
335,1.19473,0.0147343,0.013922
335,1.20295,0.0182051,0.013965
335,1.17312,0.0205624,0.013841
335,1.15084,0.0192885,0.013774
335,1.29775,0.0186361,0.013932
336,1.26901,0.0174955,0.014061
336,1.15467,0.0179951,0.014061
336,1.17598,0.018241,0.013988
336,1.22017,0.0206323,0.014131
336,1.28926,0.016185,0.014131
336,1.20973,0.0185743,0.014012
336,1.25502,0.0251676,0.014224
336,1.24441,0.0177717,0.013965
336,1.29767,0.015046,0.014034
336,1.1231,0.0151189,0.014018
336,1.17921,0.0213621,0.013958
336,1.22247,0.0313597,0.013906
336,1.22885,0.0214021,0.013854
336,1.31913,0.0169713,0.013849
336,1.21,0.0177199,0.013984
336,1.1677,0.0227404,0.013922
336,1.24698,0.0168487,0.013789
336,1.18529,0.0155396,0.013881
336,1.12798,0.0190367,0.014135
336,1.21658,0.0165225,0.013898
337,1.26714,0.0161907,0.014014
337,1.15301,0.0171294,0.014124
337,1.14754,0.0313361,0.01432
337,1.10465,0.0153553,0.014406
337,1.21234,0.0171842,0.014301
337,1.16138,0.0148423,0.014042
337,1.17969,0.0150445,0.014041
337,1.16568,0.0208568,0.014104
337,1.30818,0.0176958,0.014049
337,1.3173,0.0149996,0.014059
337,1.08742,0.016201,0.014155
337,1.1649,0.0247083,0.014023
337,1.07734,0.0141553,0.014052
337,1.38381,0.0235798,0.014148
337,1.27731,0.0177552,0.01404
337,1.19915,0.0187188,0.01409
337,1.31257,0.0197635,0.014037
337,1.03861,0.0164262,0.014001
337,1.26536,0.0168024,0.01422
337,1.21633,0.0164495,0.014095
338,1.26044,0.0169628,0.014127
338,1.27433,0.0157757,0.01402
338,1.21787,0.0178479,0.014406
338,1.14375,0.0199261,0.014443
338,1.15865,0.0156497,0.014314
338,1.15539,0.0217756,0.014192
338,1.11858,0.0154827,0.014183
338,1.28665,0.0243757,0.014124
338,1.18357,0.0217643,0.01404
338,1.22424,0.0180696,0.014105
338,1.22957,0.0158594,0.014058
338,1.22045,0.0148971,0.014073
338,1.13993,0.0192637,0.014112
338,1.12557,0.0203151,0.014033
338,1.25064,0.0154758,0.014301
338,1.05246,0.0166843,0.014233
338,1.10432,0.0174619,0.014181
338,1.11,0.0174839,0.014119
338,1.11744,0.0136147,0.01418
338,1.26435,0.0237596,0.014251
339,1.13402,0.0168484,0.014131
339,1.37228,0.018795,0.014187
339,1.17016,0.0171501,0.014521
339,1.29822,0.0171448,0.014617
339,1.14973,0.0192768,0.014365
339,1.27213,0.0184219,0.014569
339,1.15391,0.0167798,0.014322
339,1.16875,0.0212158,0.014255
339,1.18112,0.0151663,0.014093
339,1.31954,0.0194367,0.014254
339,1.09775,0.0164731,0.014159
339,1.23247,0.0183016,0.014088
339,1.09406,0.0134946,0.01422
339,1.15053,0.0155205,0.014165
339,1.17961,0.0232188,0.014163
339,1.1589,0.0151658,0.014177
339,1.21303,0.02221,0.014249
339,1.19048,0.0155657,0.014158
339,1.18416,0.0259565,0.014299
339,1.09085,0.0150215,0.014182
340,1.21565,0.018171,0.014427
340,1.27773,0.0173262,0.014518
340,1.14222,0.0191791,0.014431
340,1.26988,0.0223721,0.014306
340,1.16063,0.0195758,0.014431
340,1.2804,0.0140662,0.01462
340,1.22064,0.0190388,0.014279
340,1.23342,0.0196166,0.014401
340,1.0677,0.0247534,0.014338
340,1.18693,0.0133824,0.01423
340,1.2218,0.0171261,0.014364
340,1.04014,0.021286,0.014434
340,1.2157,0.0187375,0.014218
340,1.16465,0.0197805,0.014402
340,1.22145,0.0146982,0.01415
340,1.33566,0.0213966,0.014338
340,1.08011,0.0128125,0.014357
340,1.33059,0.0191043,0.014332
340,1.27548,0.0170696,0.014149
340,1.14687,0.0179836,0.014178
341,1.12488,0.0206386,0.014437
341,1.18253,0.0223392,0.014423
341,1.14631,0.0188079,0.014648
341,1.15585,0.0157811,0.014765
341,1.24856,0.0165982,0.014458
341,1.07077,0.0139821,0.014603
341,1.23022,0.023165,0.014557
341,1.29616,0.0175582,0.01442
341,1.2152,0.0214684,0.014438
341,1.27994,0.0221952,0.014346
341,1.22572,0.0177582,0.014371
341,1.2361,0.0199952,0.014519
341,1.12331,0.0205706,0.014468
341,1.17473,0.0144934,0.01447
341,1.28589,0.0189835,0.014561
341,1.26045,0.0193667,0.014544
341,1.08286,0.019087,0.014507
341,1.20212,0.0175197,0.014523
341,1.23659,0.0211925,0.014399
341,1.14694,0.0197728,0.014529
342,1.29477,0.0173267,0.014649
342,1.09117,0.0142787,0.014693
342,1.11213,0.0194648,0.014739
342,1.13067,0.0148645,0.014725
342,1.26107,0.0204255,0.014821
342,1.16212,0.0145437,0.014629
342,1.31245,0.0211253,0.01454
342,1.03232,0.0125557,0.014407
342,1.22639,0.0169622,0.014464
342,1.20159,0.0155288,0.014556
342,1.35579,0.0183595,0.01447
342,1.18098,0.0140455,0.01456
342,1.17977,0.0220053,0.014429
342,1.27713,0.0176618,0.014472
342,1.14977,0.0246668,0.014557
342,1.13345,0.0192411,0.014484
342,1.01892,0.0123733,0.014465
342,1.2388,0.0148076,0.014723
342,1.19681,0.0137805,0.014717
342,1.14896,0.017496,0.01455
343,1.24435,0.020665,0.014804
343,1.10884,0.014199,0.014478
343,1.1416,0.0162383,0.014789
343,1.25868,0.0176419,0.014708
343,1.1742,0.0197609,0.014918
343,1.11572,0.0159629,0.014848
343,1.15689,0.0161688,0.014891
343,1.26059,0.0214414,0.014909
343,1.22258,0.0150386,0.014864
343,1.19359,0.0175025,0.014853
343,1.23272,0.0212201,0.014806
343,1.11399,0.019188,0.014808
343,1.16483,0.0190409,0.014838
343,1.17419,0.0178279,0.014758
343,1.24922,0.0231332,0.014775
343,1.24896,0.018058,0.014806
343,1.16987,0.0154849,0.014638
343,1.18869,0.0164841,0.014614
343,1.21834,0.0286001,0.014575
343,1.26958,0.0158077,0.014655
344,1.26307,0.0207708,0.014806
344,1.20138,0.0188668,0.014774
344,1.13613,0.0163012,0.015127
344,1.23197,0.0137927,0.014993
344,1.28356,0.0284457,0.015084
344,1.12542,0.0187364,0.014916
344,1.22379,0.0171926,0.014916
344,1.29525,0.0204298,0.01501
344,1.26301,0.0160539,0.014934
344,1.32975,0.0287464,0.014938
344,1.17252,0.0269255,0.014912
344,1.08147,0.0144217,0.014864
344,1.30368,0.0265552,0.014968
344,1.25876,0.0167481,0.014769
344,1.22639,0.0139697,0.015043
344,1.20977,0.0173166,0.014852
344,1.10976,0.0189043,0.014906
344,1.0758,0.0159574,0.014883
344,1.18259,0.0145878,0.014838
344,1.20405,0.0137347,0.014912
345,1.16018,0.0163954,0.014983
345,1.16684,0.016813,0.015228
345,1.17041,0.0161837,0.015172
345,1.26107,0.0143944,0.015068
345,1.13439,0.0223331,0.015208
345,1.39088,0.0194286,0.015182
345,1.13288,0.0180765,0.015275
345,1.35181,0.0180563,0.015118
345,1.29048,0.0175111,0.015466
345,1.1878,0.0179997,0.015017
345,1.12342,0.0157347,0.015081
345,1.18582,0.0197289,0.015193
345,1.12218,0.0176467,0.015059
345,1.13059,0.0161096,0.015013
345,1.20503,0.0175386,0.014875
345,1.03149,0.0172304,0.014931
345,1.19032,0.0154113,0.014977
345,1.17792,0.0222219,0.014931
345,1.22011,0.0246842,0.01495
345,1.2139,0.0188632,0.014904
346,1.0834,0.0149009,0.014939
346,1.21212,0.0205581,0.014953
346,1.14322,0.0160622,0.015267
346,1.22928,0.0162842,0.015124
346,1.27906,0.0281762,0.015063
346,1.1955,0.0160627,0.015077
346,1.34491,0.0178616,0.014985
346,1.09776,0.0131122,0.015088
346,1.29839,0.0209026,0.014948
346,1.26484,0.0186087,0.014948
346,1.08861,0.0185924,0.015113
346,1.17647,0.0169807,0.01505
346,1.25391,0.0215301,0.01534
346,1.20442,0.0161112,0.014986
346,1.22514,0.0181991,0.015255
346,1.27157,0.0257399,0.014907
346,1.20994,0.0205589,0.014875
346,1.2459,0.0162996,0.01494
346,1.20403,0.0148117,0.015042
346,1.16519,0.0264912,0.015229
347,1.19992,0.0209955,0.015144
347,1.32923,0.0205757,0.015093
347,1.32148,0.0211986,0.015223
347,1.18102,0.0161831,0.015329
347,1.09675,0.0160978,0.015244
347,1.20479,0.0192067,0.015075
347,1.19755,0.0192808,0.015077
347,1.19339,0.016505,0.015336
347,1.20721,0.0256247,0.014978
347,1.184,0.0196989,0.014936
347,1.14723,0.0156262,0.014988
347,1.06057,0.0145762,0.015108
347,1.19317,0.018237,0.014989
347,1.26621,0.022193,0.015128
347,1.32521,0.0214431,0.015011
347,1.20601,0.0186878,0.01497
347,1.22685,0.0196255,0.015077
347,1.05976,0.0215016,0.015026
347,1.1243,0.0183099,0.01506
347,1.29873,0.0212102,0.015509
348,1.23987,0.0192136,0.015201
348,1.18948,0.0174457,0.015275
348,1.15892,0.0200401,0.015928
348,1.1482,0.015506,0.015382
348,1.28173,0.0211471,0.015507
348,1.26199,0.0159957,0.015418
348,1.08204,0.0139013,0.015143
348,1.09428,0.0139173,0.015147
348,1.25773,0.0166783,0.015237
348,1.15966,0.0165223,0.015524
348,1.18022,0.0218704,0.015412
348,1.19765,0.0231747,0.015428
348,1.21707,0.0253991,0.015525
348,1.15743,0.014277,0.015606
348,1.25348,0.0173601,0.01528
348,1.1497,0.0162838,0.015119
348,1.24486,0.0227089,0.01518
348,1.09359,0.0208928,0.015231
348,1.22388,0.0167963,0.015113
348,1.15783,0.0216514,0.015229
349,1.18422,0.0162577,0.015198
349,1.20503,0.018463,0.015404
349,1.18946,0.025468,0.015419
349,1.24616,0.0210094,0.015468
349,1.16148,0.0172167,0.015548
349,1.12787,0.0199535,0.015339
349,1.21127,0.0218399,0.015353
349,1.11612,0.0217194,0.015259
349,1.26972,0.016406,0.015334
349,1.18176,0.0206241,0.015303
349,1.13523,0.0171945,0.015295
349,1.28819,0.021598,0.015185
349,1.26159,0.0214193,0.015227
349,1.34204,0.0205018,0.015207
349,1.18258,0.0191531,0.01515
349,1.15008,0.0158836,0.015297
349,1.20804,0.0200862,0.015346
349,1.10281,0.0147277,0.015393
349,1.16414,0.0173653,0.015142
349,1.18116,0.0148562,0.015216
350,1.2251,0.0183525,0.015269
350,1.20585,0.0168788,0.015329
350,1.13369,0.0196466,0.015434
350,1.22683,0.0162776,0.015377
350,1.12749,0.0228172,0.015418
350,1.21464,0.0175794,0.015445
350,1.17212,0.0134716,0.01545
350,1.17183,0.0146518,0.015252
350,1.28168,0.0189893,0.015255
350,1.20909,0.0157836,0.01521
350,1.15938,0.0197981,0.015299
350,1.13629,0.0164888,0.015344
350,1.11235,0.0164432,0.015247
350,1.14708,0.0227428,0.015363
350,1.25709,0.0162113,0.015307
350,1.12639,0.0194704,0.015515
350,1.26603,0.0206887,0.015356
350,1.20302,0.0174328,0.015157
350,1.22992,0.0170114,0.015171
350,1.12157,0.0126186,0.015076
351,1.21462,0.015379,0.01553
351,1.24675,0.0189363,0.01557
351,1.06865,0.0188814,0.015542
351,1.12394,0.0160256,0.015641
351,1.14917,0.0216766,0.015436
351,1.25992,0.023592,0.015408
351,1.26049,0.0226399,0.015375
351,1.11069,0.0189675,0.015361
351,1.11749,0.0280697,0.015432
351,1.28089,0.0202804,0.015307
351,1.15786,0.0148621,0.015398
351,1.09417,0.0135805,0.015345
351,1.1432,0.0152465,0.015399
351,1.11789,0.0153672,0.015546
351,1.16119,0.0189057,0.015565
351,1.3176,0.0195329,0.0157
351,1.18694,0.02227,0.01541
351,1.16478,0.0212054,0.015343
351,1.14332,0.0175005,0.015393
351,1.29174,0.0178735,0.015315
352,1.0705,0.0160086,0.015335
352,1.30482,0.0212947,0.015565
352,1.21026,0.0155452,0.01572
352,1.1524,0.017576,0.015681
352,1.34239,0.01838,0.015677
352,1.1323,0.016521,0.015531
352,1.28738,0.0164716,0.01572
352,1.09322,0.0159452,0.015661
352,1.19534,0.0227937,0.015543
352,1.29332,0.0173748,0.015665
352,1.2535,0.0193829,0.015774
352,1.10141,0.0165549,0.015554
352,1.30614,0.0168755,0.015595
352,1.22518,0.0159021,0.015555
352,1.07883,0.0134266,0.015507
352,1.20866,0.0135669,0.015496
352,1.03952,0.0191041,0.015539
352,1.17713,0.0135062,0.015553
352,1.16992,0.0171708,0.015437
352,1.34044,0.019613,0.015567
353,1.24077,0.0202183,0.015577
353,1.23438,0.019317,0.01563
353,1.1629,0.0153605,0.015964
353,1.18037,0.0188884,0.015851
353,1.28738,0.0205513,0.015928
353,1.18328,0.0177909,0.016189
353,1.27051,0.0199012,0.016269
353,1.20689,0.0148062,0.016551
353,1.18143,0.0157869,0.016596
353,1.14196,0.0156826,0.016088
353,1.12358,0.0214466,0.015865
353,1.29747,0.0145157,0.01595
353,1.32677,0.0312242,0.015894
353,1.27573,0.0217835,0.015634
353,1.14908,0.0178404,0.015683
353,1.26323,0.0196449,0.015918
353,1.16635,0.0141176,0.015889
353,1.18363,0.0166895,0.015672
353,1.19891,0.015877,0.015666
353,1.20016,0.014238,0.015521
354,1.22,0.0203383,0.015869
354,1.09197,0.0218297,0.015717
354,1.11749,0.0193072,0.015892
354,1.15887,0.0161229,0.015843
354,1.17112,0.0179076,0.01595
354,1.26105,0.0170268,0.015844
354,1.24498,0.0195437,0.015671
354,1.25254,0.0220214,0.015747
354,1.23193,0.0248476,0.015781
354,1.15746,0.0165947,0.015878
354,1.25105,0.0226158,0.015794
354,1.22925,0.016321,0.015743
354,1.25555,0.0161254,0.015695
354,1.24252,0.017646,0.015814
354,1.2743,0.0172544,0.015827
354,1.27617,0.0184495,0.015813
354,1.16418,0.0149105,0.015744
354,1.25872,0.0215393,0.015811
354,1.28083,0.017571,0.015751
354,1.0648,0.0152319,0.015683
355,1.17342,0.0178469,0.01596
355,1.16476,0.0148573,0.016027
355,1.20666,0.0224714,0.0161
355,1.09333,0.0167045,0.016031
355,1.18456,0.0214782,0.016449
355,1.21032,0.0141835,0.015866
355,1.34287,0.0190505,0.01588
355,1.16573,0.0137038,0.015904
355,1.21299,0.0201257,0.015784
355,1.24998,0.028277,0.015866
355,1.17715,0.0169477,0.015707
355,1.18987,0.021561,0.015739
355,1.2087,0.0150954,0.016005
355,1.21547,0.0184245,0.015739
355,1.15604,0.02357,0.015907
355,1.24555,0.0184164,0.015909
355,1.14464,0.014377,0.015758
355,1.20623,0.0158926,0.015823
355,1.21691,0.0170863,0.015792
355,1.17021,0.0156051,0.016047
356,1.20237,0.0221088,0.01593
356,1.23785,0.013915,0.016062
356,1.21636,0.0149779,0.0164
356,1.23075,0.0163522,0.016302
356,1.20614,0.0215493,0.016259
356,1.13422,0.0159796,0.016065
356,1.12915,0.0150188,0.015968
356,1.12702,0.0186366,0.015917
356,1.27126,0.0211095,0.016035
356,1.10392,0.0172204,0.015968
356,1.31474,0.019237,0.016011
356,1.1193,0.0162853,0.015924
356,1.13797,0.0209403,0.015786
356,1.09776,0.0177618,0.015972
356,1.29135,0.0164108,0.016097
356,1.18277,0.0179777,0.015878
356,1.07854,0.0145895,0.015882
356,1.21343,0.0254921,0.015862
356,1.18179,0.0202995,0.016036
356,1.19894,0.0154807,0.015938
357,1.20077,0.0144025,0.016268
357,1.12428,0.013852,0.016286
357,1.13636,0.0212092,0.016497
357,1.14629,0.0151031,0.016418
357,1.12805,0.0178825,0.016422
357,1.0963,0.0217072,0.016329
357,1.23938,0.0156476,0.016349
357,1.26492,0.0197745,0.016205
357,1.29663,0.0188594,0.016323
357,1.28417,0.018051,0.016283
357,1.19745,0.0170036,0.016405
357,1.01432,0.0129454,0.016197
357,1.07529,0.0182582,0.016243
357,1.26105,0.0137538,0.01631
357,1.25214,0.0183678,0.016336
357,1.06619,0.0160125,0.016325
357,1.2067,0.0149346,0.01639
357,1.28562,0.0223189,0.01611
357,1.25181,0.0180241,0.016217
357,1.15239,0.0161125,0.016462
358,1.11657,0.0148382,0.016197
358,1.20503,0.0174707,0.016714
358,1.07527,0.0159462,0.016367
358,1.17981,0.0150107,0.016724
358,1.18651,0.0215829,0.016545
358,1.18641,0.0142483,0.016362
358,1.0947,0.0120372,0.016327
358,1.12174,0.0144634,0.016431
358,1.08818,0.0128922,0.016421
358,1.17699,0.013464,0.016439
358,1.20167,0.0151475,0.016617
358,1.19248,0.0167049,0.016195
358,1.25913,0.0165872,0.016447
358,1.20093,0.0175901,0.016331
358,1.20428,0.0212927,0.016306
358,1.16324,0.0156608,0.016409
358,1.29841,0.0188779,0.016443
358,1.1214,0.0188676,0.016337
358,1.17548,0.0170844,0.016366
358,1.24431,0.0136868,0.016279
359,1.16972,0.0195275,0.016462
359,1.32199,0.0209797,0.016585
359,1.44071,0.0242168,0.01704
359,1.14622,0.0289506,0.017367
359,1.2618,0.0195794,0.016542
359,1.15769,0.0177476,0.016545
359,1.15384,0.0146829,0.016607
359,1.19196,0.0188119,0.016572
359,1.28069,0.0191491,0.016616
359,1.19857,0.0153473,0.016565
359,1.242,0.0169823,0.016428
359,1.3375,0.0245613,0.016459
359,1.31374,0.0164625,0.016571
359,1.17922,0.0174014,0.016576
359,1.1798,0.0188714,0.016469
359,1.1523,0.0165518,0.016555
359,1.2047,0.0172817,0.016466
359,1.18559,0.0217368,0.016462
359,1.26347,0.0294381,0.016572
359,1.32564,0.016891,0.016421
360,1.14054,0.0159266,0.016591
360,1.31741,0.0171232,0.01653
360,1.26325,0.0181826,0.016474
360,1.25326,0.0201844,0.017017
360,1.20952,0.0186103,0.016748
360,1.21625,0.0168961,0.016591
360,1.21798,0.0229934,0.01655
360,1.14529,0.0150215,0.016505
360,1.16179,0.0149481,0.016515
360,1.19996,0.0146516,0.016576
360,1.18526,0.014013,0.016409
360,1.11079,0.0158289,0.016431
360,1.11582,0.0130412,0.016355
360,1.20326,0.0187161,0.016547
360,1.17129,0.0113333,0.01656
360,1.07679,0.0153924,0.016418
360,1.12882,0.0203736,0.016396
360,1.1966,0.0178621,0.016534
360,1.09924,0.0156965,0.016493
360,1.27149,0.018588,0.016457
361,1.3217,0.0239265,0.016772
361,1.19633,0.0156806,0.016936
361,1.21812,0.0142224,0.017145
361,1.16716,0.0172954,0.016943
361,1.31615,0.017882,0.017076
361,1.15276,0.0155491,0.017018
361,1.20491,0.0207253,0.016616
361,1.23064,0.0160529,0.0166
361,1.19011,0.0155434,0.016588
361,1.11958,0.0193306,0.016518
361,1.22854,0.0224696,0.01666
361,1.19257,0.0198113,0.01662
361,1.17966,0.0219295,0.016921
361,1.28751,0.0161221,0.016801
361,1.23959,0.014235,0.016566
361,1.23456,0.0223072,0.01655
361,1.11575,0.0197109,0.016459
361,1.23661,0.021326,0.016608
361,1.22877,0.0188434,0.016597
361,1.24904,0.0148274,0.016841
362,1.25097,0.0207287,0.016649
362,1.11751,0.0136548,0.016688
362,1.22008,0.0200572,0.016838
362,1.16143,0.0137837,0.016864
362,1.21689,0.0193226,0.01676
362,1.17014,0.0189778,0.016757
362,1.24151,0.0176019,0.016712
362,1.2963,0.0181383,0.01678
362,1.16506,0.0209419,0.016825
362,1.10439,0.0189955,0.016674
362,1.21436,0.0186838,0.016626
362,1.17367,0.0133708,0.016807
362,1.29524,0.0242718,0.01686
362,1.18474,0.0166624,0.016708
362,1.21932,0.0211761,0.016686
362,1.17613,0.0132981,0.016736
362,1.19887,0.0183173,0.016872
362,1.23321,0.0219146,0.017037
362,1.23984,0.0209854,0.016681
362,1.28535,0.0146536,0.016613
363,1.24188,0.0160088,0.01673
363,1.30782,0.0131126,0.016766
363,1.19086,0.0154198,0.016871
363,1.18215,0.0180609,0.016772
363,1.13438,0.0195827,0.016701
363,1.32312,0.0374082,0.016594
363,1.23176,0.0196678,0.016613
363,1.26964,0.018514,0.016512
363,1.23463,0.0190331,0.016602
363,1.16161,0.0178341,0.0166
363,1.17439,0.015138,0.016729
363,1.16394,0.0221805,0.016659
363,1.12313,0.0146778,0.01667
363,1.22463,0.0220758,0.01671
363,1.18646,0.0127309,0.016752
363,1.3126,0.0124361,0.016543
363,1.2704,0.0163879,0.016789
363,1.34019,0.0296001,0.016453
363,1.11532,0.0186135,0.016526
363,1.13778,0.0167162,0.016395
364,1.24864,0.0154898,0.016742
364,1.16855,0.0180308,0.01723
364,1.11113,0.0139417,0.017093
364,1.17293,0.0163486,0.016972
364,1.27762,0.0174523,0.01686
364,1.18327,0.0207799,0.016799
364,1.0885,0.0133927,0.016779
364,1.20788,0.0199846,0.016698
364,1.31914,0.0180121,0.01667
364,1.12227,0.0261554,0.016578
364,1.16227,0.0154665,0.016695
364,1.18078,0.0159362,0.016644
364,1.18552,0.0135035,0.016569
364,1.24424,0.0218159,0.016686
364,1.24377,0.0173209,0.016656
364,1.37642,0.0164586,0.016857
364,1.25683,0.0190921,0.016695
364,1.16262,0.0188308,0.016619
364,1.18726,0.0192258,0.016631
364,1.20393,0.0223864,0.016684
365,1.12927,0.0189219,0.016816
365,1.21974,0.016196,0.017044
365,1.25964,0.0135217,0.01691
365,1.17741,0.0221376,0.016963
365,1.21271,0.0270177,0.016807
365,1.21801,0.0242519,0.016874
365,1.24266,0.0228672,0.016823
365,1.21667,0.0138757,0.016889
365,1.13084,0.019294,0.016728
365,1.18506,0.0157192,0.016818
365,1.10418,0.0160405,0.016894
365,1.18131,0.0215707,0.016982
365,1.24794,0.0122348,0.016868
365,1.28007,0.0159122,0.016701
365,1.24095,0.022813,0.016739
365,1.12931,0.0156849,0.016804
365,1.12153,0.0106385,0.016921
365,1.24669,0.0139265,0.016804
365,1.22876,0.0163102,0.016835
365,1.22438,0.016619,0.016787
366,1.28712,0.0138507,0.017082
366,1.20122,0.0177506,0.017217
366,1.18405,0.017053,0.017146
366,1.2225,0.0163529,0.01712
366,1.20228,0.0139205,0.017044
366,1.18198,0.0144071,0.01702
366,1.1933,0.0164777,0.016869
366,1.22866,0.0137613,0.017066
366,1.16226,0.0155205,0.016961
366,1.18334,0.0113586,0.017103
366,1.20601,0.0171404,0.016928
366,1.13031,0.0144069,0.016929
366,1.13249,0.0201794,0.016936
366,1.14603,0.0146208,0.016818
366,1.13058,0.0195699,0.01683
366,1.15908,0.0174724,0.016796
366,1.08953,0.0162302,0.016872
366,1.16756,0.0150727,0.016839
366,1.12997,0.0175349,0.016809
366,1.24279,0.0310783,0.016911
367,1.08898,0.0128094,0.017026
367,1.14927,0.0211827,0.017207
367,1.17158,0.0142235,0.017868
367,1.10231,0.0199958,0.018378
367,1.19377,0.0151608,0.018302
367,1.27056,0.0141787,0.018136
367,1.09039,0.0172044,0.017675
367,1.26808,0.0146598,0.017541
367,1.22336,0.0126818,0.017822
367,1.17449,0.0175369,0.01774
367,1.2335,0.0191029,0.017673
367,1.25619,0.0140131,0.017585
367,1.17994,0.0141998,0.017574
367,1.13786,0.0190884,0.017667
367,1.1112,0.0221229,0.017635
367,1.22237,0.0211254,0.017559
367,1.30009,0.0186277,0.017716
367,1.18,0.021471,0.017507
367,1.22251,0.0154244,0.017458
367,1.15032,0.0158969,0.017536
368,1.1339,0.0131274,0.017503
368,1.17167,0.0216015,0.018281
368,1.26186,0.0175585,0.017943
368,1.23272,0.0182646,0.017781
368,1.12445,0.0195406,0.017739
368,1.21329,0.0167954,0.017621
368,1.27759,0.0223876,0.01751
368,1.27603,0.0120498,0.017456
368,1.13943,0.0167184,0.017535
368,1.13371,0.0147929,0.017286
368,1.19554,0.0163724,0.017096
368,1.23492,0.0162795,0.017237
368,1.28466,0.017936,0.017176
368,1.30384,0.0158262,0.017111
368,1.28123,0.0172988,0.017153
368,1.3055,0.0145082,0.017135
368,1.33845,0.0154441,0.017289
368,1.30963,0.0166798,0.017129
368,1.23189,0.025779,0.017127
368,1.13893,0.0209106,0.017276
369,1.28276,0.0289539,0.017294
369,1.13366,0.0162299,0.017516
369,1.28865,0.0164307,0.017572
369,1.1393,0.0128078,0.017482
369,1.04379,0.0142673,0.017368
369,1.28782,0.0179773,0.017133
369,1.30534,0.0153467,0.017321
369,1.24444,0.0219093,0.017207
369,1.20346,0.0247724,0.017335
369,1.23711,0.0182319,0.017471
369,1.22238,0.0146102,0.017578
369,1.25349,0.0150454,0.017717
369,1.21093,0.0155201,0.017667
369,1.18152,0.0139343,0.017581
369,1.2364,0.0153066,0.017666
369,1.14001,0.0285048,0.017555
369,1.1998,0.0176964,0.017537
369,1.20692,0.0142562,0.017304
369,1.27871,0.0150198,0.017405
369,1.21773,0.0167211,0.017451
370,1.28989,0.0167093,0.017399
370,1.20892,0.0245473,0.017771
370,1.23907,0.0142271,0.017824
370,1.20259,0.0221568,0.017778
370,1.25628,0.0160122,0.017697
370,1.13702,0.0130452,0.017504
370,1.27269,0.0143276,0.01751
370,1.21438,0.0211421,0.017778
370,1.18739,0.0242455,0.017483
370,1.21864,0.0168136,0.017456
370,1.16342,0.0152504,0.017479
370,1.27522,0.0179192,0.017489
370,1.17181,0.0164596,0.017535
370,1.2047,0.0167392,0.017257
370,1.17039,0.0183996,0.01731
370,1.1042,0.013333,0.017375
370,1.22049,0.0138952,0.017499
370,1.24093,0.0167283,0.017315
370,1.20702,0.0144958,0.017271
370,1.26835,0.0147594,0.017499
371,1.16012,0.0135263,0.017366
371,1.29361,0.019881,0.017546
371,1.1167,0.0177264,0.017727
371,1.28535,0.0171366,0.017677
371,1.1557,0.0150338,0.017509
371,1.16779,0.014622,0.017523
371,1.24117,0.017163,0.017709
371,1.2704,0.0254924,0.017913
371,1.33937,0.0168446,0.017707
371,1.32148,0.0197422,0.017665
371,1.27336,0.0193876,0.017748
371,1.09218,0.0115648,0.017596
371,1.15569,0.0200753,0.017756
371,1.22695,0.0214168,0.017597
371,1.22916,0.0173452,0.017995
371,1.09433,0.0249919,0.017471
371,1.08124,0.0153621,0.017553
371,1.19776,0.0207786,0.017716
371,1.1195,0.0204025,0.017378
371,1.2463,0.017605,0.017509
372,1.18567,0.0156048,0.017825
372,1.21776,0.0193508,0.017995
372,1.17082,0.0178125,0.017891
372,1.19654,0.0144474,0.017753
372,1.2467,0.0253014,0.017922
372,1.24603,0.0200564,0.017719
372,1.22463,0.01386,0.017781
372,1.15009,0.0147729,0.017592
372,1.2026,0.0189885,0.017518
372,1.30537,0.018574,0.017446
372,1.30153,0.0182608,0.017751
372,1.18533,0.0158722,0.01764
372,1.17813,0.0181296,0.017477
372,1.36317,0.0221645,0.017527
372,1.1656,0.0167335,0.017514
372,1.18107,0.0157873,0.017615
372,1.1687,0.0204775,0.017514
372,1.06541,0.0127041,0.017814
372,1.33975,0.0159673,0.017437
372,1.22368,0.0164331,0.017637
373,1.3187,0.0232596,0.017773
373,1.12918,0.016357,0.018127
373,1.20462,0.0169392,0.018137
373,1.14539,0.0166009,0.018114
373,1.11238,0.0137599,0.017793
373,1.12438,0.0154319,0.017858
373,1.22399,0.0148362,0.017834
373,1.2757,0.0144618,0.017712
373,1.30282,0.0159235,0.017679
373,1.1573,0.0153341,0.017916
373,1.17686,0.0142406,0.017651
373,1.21323,0.0127217,0.017731
373,1.17307,0.01797,0.017699
373,1.2649,0.0159893,0.01763
373,1.17376,0.0172195,0.017951
373,1.16327,0.0148198,0.017732
373,1.14411,0.0154767,0.017598
373,1.20385,0.0124782,0.017602
373,1.25333,0.0174883,0.017905
373,1.13855,0.0191384,0.017468
374,1.12037,0.0175058,0.017793
374,1.07661,0.0139918,0.018182
374,1.22374,0.0181626,0.018294
374,1.14547,0.0159744,0.018161
374,1.15984,0.0186162,0.017974
374,1.33269,0.0199961,0.017816
374,1.22652,0.0183236,0.017815
374,1.17295,0.0166968,0.017735
374,1.24589,0.0163184,0.018064
374,1.20655,0.0174142,0.017935
374,1.24618,0.0193121,0.017973
374,1.15174,0.0169036,0.01796
374,1.08312,0.024325,0.017687
374,1.10813,0.0161613,0.017784
374,1.27914,0.0143301,0.017657
374,1.24973,0.0134312,0.017711
374,1.17718,0.0134988,0.017752
374,1.22613,0.0219707,0.017739
374,1.22495,0.0152775,0.017833
374,1.25598,0.0199948,0.017788
375,1.24101,0.0196195,0.018006
375,1.21443,0.0132985,0.018078
375,1.1298,0.0153289,0.018305
375,1.1937,0.0150461,0.018086
375,1.12276,0.0191398,0.018001
375,1.16855,0.0170827,0.017982
375,1.22909,0.0158404,0.017797
375,1.23557,0.0191384,0.01803
375,1.07644,0.0133792,0.017921
375,1.2014,0.0208329,0.018245
375,1.17106,0.0167925,0.017937
375,1.16171,0.0171721,0.017879
375,1.29686,0.0156148,0.017779
375,1.06051,0.0126113,0.017818
375,1.1983,0.0183521,0.017666
375,1.11143,0.018676,0.017875
375,1.26278,0.019055,0.017932
375,1.21753,0.0168879,0.017852
375,1.1938,0.0148728,0.018057
375,1.28957,0.0165803,0.017922
376,1.09896,0.0126765,0.018454
376,1.26215,0.0150356,0.018275
376,1.25639,0.0185844,0.018442
376,1.19814,0.0280042,0.018082
376,1.1338,0.0187901,0.018068
376,1.36595,0.0196782,0.01797
376,1.12391,0.0152095,0.017942
376,1.12699,0.0220844,0.018103
376,1.09818,0.0189831,0.017919
376,1.14589,0.0159306,0.017856
376,1.22315,0.0162407,0.017822
376,1.23252,0.0193337,0.018022
376,1.3332,0.0227482,0.018047
376,1.20931,0.0135372,0.017917
376,1.13283,0.0139319,0.018324
376,1.21474,0.0161307,0.017941
376,1.27053,0.0201216,0.017893
376,1.16079,0.0147588,0.017992
376,1.14105,0.0185241,0.017941
376,1.30122,0.0204918,0.017827
377,1.0409,0.0125352,0.017971
377,1.1448,0.0131342,0.018151
377,1.2981,0.0157793,0.018476
377,1.27909,0.0181845,0.018181
377,1.12761,0.0134689,0.018116
377,1.20693,0.0147862,0.018082
377,1.23918,0.0180027,0.01801
377,1.17626,0.0126606,0.017991
377,1.15906,0.0192681,0.018115
377,1.20436,0.0170498,0.018163
377,1.34829,0.0164248,0.018378
377,1.13623,0.0162182,0.018057
377,1.23405,0.0163548,0.017982
377,1.17913,0.0170861,0.017909
377,1.21515,0.0214015,0.018035
377,1.2067,0.0161764,0.018052
377,1.22417,0.0228893,0.01799
377,1.22215,0.0207554,0.017917
377,1.11658,0.0147195,0.018148
377,1.30491,0.0154926,0.018121
378,1.27415,0.0218454,0.01823
378,1.2378,0.0173806,0.018382
378,1.08374,0.0208551,0.018552
378,1.14575,0.0159217,0.018264
378,1.10712,0.0135302,0.018235
378,1.18543,0.0138285,0.018293
378,1.19487,0.0172152,0.018219
378,1.15476,0.0145413,0.018226
378,1.26571,0.0182408,0.018355
378,1.22825,0.0166862,0.018092
378,1.1067,0.0223072,0.018134
378,1.25557,0.0155859,0.018326
378,1.15157,0.0149465,0.018034
378,1.20858,0.0140266,0.01815
378,1.2503,0.0154301,0.018285
378,1.25543,0.0207703,0.018106
378,1.07064,0.0147831,0.018486
378,1.10911,0.0249079,0.01837
378,1.29756,0.0169329,0.018165
378,1.21893,0.016029,0.018187
379,1.20256,0.0149508,0.018292
379,1.22794,0.0142035,0.018588
379,1.31598,0.0196328,0.0186
379,1.34428,0.0173692,0.018615
379,1.22353,0.0187837,0.018247
379,1.20942,0.0165856,0.018329
379,1.23215,0.02051,0.018279
379,1.25453,0.0288066,0.018351
379,1.27156,0.0144837,0.01818
379,1.12864,0.0154227,0.018119
379,1.14623,0.0175236,0.018385
379,1.10517,0.0240628,0.018279
379,1.14973,0.0176025,0.018337
379,1.25544,0.0183853,0.018165
379,1.22834,0.0204667,0.018132
379,1.15918,0.0188876,0.017985
379,1.26067,0.0191742,0.018063
379,1.26629,0.0182221,0.018654
379,1.17275,0.0190469,0.01831
379,1.25453,0.016984,0.018318
380,1.30969,0.0144086,0.018153
380,1.2466,0.0199134,0.018403
380,1.26559,0.0160794,0.018348
380,1.18383,0.0137023,0.018591
380,1.24801,0.0132063,0.018481
380,1.07462,0.0152335,0.018427
380,1.21288,0.014428,0.018559
380,1.14017,0.0131642,0.018209
380,1.20239,0.0181196,0.018171
380,1.16703,0.0159262,0.018283
380,1.22976,0.0270271,0.018295
380,1.28857,0.0217196,0.018398
380,1.18121,0.0148819,0.018248
380,1.2167,0.0150943,0.018381
380,1.2236,0.0203591,0.018214
380,1.18855,0.0178702,0.018235
380,1.12444,0.0134344,0.018097
380,1.20856,0.0128408,0.018491
380,1.27792,0.0181467,0.018365
380,1.21911,0.0172234,0.018228
381,1.23711,0.0137538,0.018402
381,1.2726,0.0215819,0.018656
381,1.27041,0.0126985,0.019006
381,1.20651,0.0148494,0.018715
381,1.16974,0.0203431,0.01849
381,1.19314,0.0174747,0.018343
381,1.17398,0.0210271,0.018383
381,1.30431,0.0123482,0.018539
381,1.20482,0.0234317,0.018432
381,1.12837,0.0148938,0.018388
381,1.14227,0.0138545,0.018472
381,1.14229,0.0145647,0.01845
381,1.39436,0.0178424,0.018152
381,1.24999,0.0123019,0.018299
381,1.2402,0.0147824,0.01829
381,1.14723,0.0116001,0.018337
381,1.32256,0.0145037,0.01853
381,1.23615,0.0159463,0.018272
381,1.22526,0.0224524,0.018607
381,1.13584,0.015437,0.018562
382,1.15169,0.0189404,0.018517
382,1.05385,0.0146588,0.018678
382,1.17252,0.0175007,0.018766
382,1.09993,0.015752,0.018845
382,1.10885,0.0130472,0.01881
382,1.2926,0.0161844,0.018596
382,1.27361,0.0353831,0.018448
382,1.21893,0.0223255,0.018338
382,1.21312,0.0181747,0.018378
382,1.16654,0.0160951,0.01843
382,1.24863,0.0191697,0.018496
382,1.33627,0.0149358,0.018481
382,1.17469,0.0137803,0.018629
382,1.14296,0.0133645,0.018358
382,1.08791,0.016122,0.018382
382,1.3275,0.0190724,0.018488
382,1.13302,0.0136306,0.018387
382,1.13899,0.0125528,0.018309
382,1.22178,0.0136803,0.018286
382,1.14996,0.0155253,0.018296
383,1.1746,0.0175204,0.018587
383,1.26331,0.0139099,0.018693
383,1.15686,0.0183143,0.018828
383,1.21333,0.0147567,0.01872
383,1.21084,0.0167462,0.018617
383,1.13954,0.0154507,0.018473
383,1.17089,0.0141435,0.018529
383,1.21864,0.0177589,0.018871
383,1.27465,0.0167743,0.018503
383,1.07172,0.0125247,0.018617
383,1.19254,0.0138464,0.018516
383,1.23765,0.0150383,0.018879
383,1.12911,0.0154035,0.018653
383,1.21944,0.0184069,0.01884
383,1.17592,0.0231801,0.018596
383,1.26614,0.0186102,0.018657
383,1.23547,0.0167614,0.01865
383,1.16136,0.0158977,0.018542
383,1.29482,0.0161452,0.018574
383,1.14789,0.0145468,0.018615
384,1.12976,0.0151386,0.018656
384,1.1727,0.0144506,0.018755
384,1.19812,0.0130507,0.019036
384,1.13174,0.0124263,0.018762
384,1.19824,0.0136506,0.018832
384,1.21006,0.0189952,0.018909
384,1.15853,0.0148526,0.018788
384,1.30951,0.0176952,0.018584
384,1.24751,0.0177109,0.018654
384,1.15687,0.0182434,0.01857
384,1.15073,0.0143228,0.018611
384,1.23955,0.0140401,0.018594
384,1.14935,0.0132018,0.01921
384,1.13988,0.0124932,0.018624
384,1.2223,0.0254646,0.018475
384,1.3342,0.0131127,0.018764
384,1.159,0.0161026,0.018411
384,1.23312,0.0125799,0.018653
384,1.17214,0.0138793,0.018554
384,1.20502,0.0236465,0.018575
385,1.21431,0.0196252,0.018767
385,1.15845,0.0223989,0.019172
385,1.2075,0.0174029,0.01916
385,1.14813,0.0162314,0.019079
385,1.23152,0.0148079,0.018933
385,1.18906,0.0198133,0.01908
385,1.14605,0.014833,0.018844
385,1.17831,0.0147871,0.018735
385,1.2129,0.0128554,0.01865
385,1.09667,0.0140312,0.018901
385,1.13701,0.0121505,0.018753
385,1.21324,0.0173891,0.018659
385,1.21518,0.0154012,0.018728
385,1.15597,0.0183532,0.018628
385,1.21308,0.0214396,0.018918
385,1.13498,0.0187015,0.018744
385,1.21901,0.0223539,0.018882
385,1.15091,0.0170081,0.018643
385,1.17581,0.0139862,0.018646
385,1.14501,0.0170586,0.018727
386,1.27836,0.0149604,0.018678
386,1.13152,0.012792,0.019022
386,1.14431,0.016309,0.019308
386,1.29208,0.0183786,0.018987
386,1.14798,0.0140119,0.019417
386,1.13608,0.0131564,0.018947
386,1.27491,0.0173077,0.019214
386,0.981387,0.0157119,0.01882
386,1.28157,0.0216283,0.018785
386,1.24372,0.0265248,0.019173
386,1.21314,0.015613,0.01902
386,1.28971,0.0176016,0.018898
386,1.11972,0.0150303,0.018798
386,1.26332,0.014066,0.018681
386,1.2255,0.0168006,0.019121
386,1.23546,0.0160134,0.018814
386,1.21258,0.0202109,0.018722
386,1.21435,0.0169662,0.018909
386,1.22987,0.0226471,0.018718
386,1.19216,0.0167837,0.018738
387,1.19456,0.0124535,0.019051
387,1.20009,0.0187406,0.019144
387,1.24164,0.0191715,0.019418
387,1.13887,0.0126549,0.019489
387,1.17296,0.011775,0.01932
387,1.17223,0.0142661,0.018943
387,1.05448,0.0143519,0.019005
387,1.26501,0.0170342,0.018996
387,1.12352,0.0157796,0.018933
387,1.14857,0.0193268,0.018881
387,1.17988,0.0128923,0.019054
387,1.2708,0.013334,0.018809
387,1.12675,0.0178429,0.018841
387,1.21462,0.0142445,0.018825
387,1.16189,0.0135548,0.018881
387,1.19534,0.0178566,0.018789
387,1.09018,0.0152212,0.018822
387,1.23312,0.0122395,0.018717
387,1.21819,0.0151398,0.018966
387,1.15799,0.0151645,0.018918
388,1.23,0.0158622,0.018996
388,1.21329,0.0134375,0.019216
388,1.15819,0.0159183,0.019253
388,1.25808,0.0165128,0.019499
388,1.28603,0.0183516,0.01921
388,1.22031,0.0142874,0.019036
388,1.2072,0.0159588,0.019015
388,1.25831,0.014096,0.019071
388,1.26875,0.0201404,0.019043
388,1.16621,0.0188482,0.019005
388,1.09212,0.0183918,0.018962
388,1.18457,0.0164,0.019085
388,1.2815,0.0150721,0.018886
388,1.21832,0.0174716,0.018979
388,1.13441,0.014883,0.019037
388,1.17605,0.0193841,0.019057
388,1.1241,0.0132965,0.019067
388,1.16347,0.0216414,0.018799
388,1.16747,0.0115333,0.018911
388,1.1687,0.0147554,0.018786
389,1.11708,0.0148075,0.019135
389,1.22313,0.0177336,0.01934
389,1.31936,0.0189629,0.019251
389,1.16095,0.0124415,0.019405
389,1.24546,0.0187247,0.019105
389,1.18416,0.0188495,0.019201
389,1.25304,0.0155201,0.019206
389,1.17171,0.0149483,0.019318
389,1.14928,0.0163631,0.018961
389,1.16796,0.0196607,0.018963
389,1.1217,0.0134602,0.019301
389,1.24361,0.0197643,0.019134
389,1.10788,0.0131261,0.019154
389,1.28921,0.0191297,0.018993
389,1.22583,0.0132782,0.019044
389,1.21953,0.0149029,0.019125
389,1.13759,0.017776,0.019402
389,1.18065,0.0158404,0.019117
389,1.14206,0.0139344,0.019009
389,1.24893,0.0145349,0.019014
390,1.20269,0.0166686,0.019312
390,1.27144,0.0164601,0.019764
390,1.12397,0.016337,0.019622
390,1.13512,0.0156681,0.019471
390,1.16803,0.0157841,0.019167
390,1.16595,0.0136874,0.019276
390,1.21744,0.0119952,0.018989
390,1.18478,0.0148704,0.019224
390,1.27021,0.0158367,0.019329
390,1.20684,0.0180515,0.019221
390,1.36203,0.0155848,0.019055
390,1.20688,0.0228621,0.019207
390,1.35163,0.0178553,0.019179
390,1.22143,0.0168371,0.019394
390,1.19287,0.0143492,0.019251
390,1.14292,0.0136461,0.019203
390,1.19498,0.0166197,0.019012
390,1.12748,0.0185198,0.019121
390,1.19166,0.026001,0.019078
390,1.22715,0.0157442,0.019115
391,1.20735,0.0153921,0.019769
391,1.2998,0.0213412,0.019477
391,1.09959,0.0127422,0.019584
391,1.20741,0.0127806,0.019401
391,1.27488,0.0185548,0.019287
391,1.23482,0.0146932,0.019109
391,1.34353,0.0194389,0.019208
391,1.24593,0.0192807,0.019199
391,1.14151,0.0167832,0.019336
391,1.12786,0.0151094,0.019137
391,1.2121,0.0157706,0.019225
391,1.25895,0.0149085,0.019429
391,1.25967,0.0172365,0.019687
391,1.15315,0.0117135,0.019163
391,1.21476,0.015187,0.019259
391,1.1319,0.014163,0.019183
391,1.14454,0.0182495,0.019216
391,1.21744,0.0155092,0.019288
391,1.15206,0.0247287,0.019128
391,1.14117,0.0200728,0.019137
392,1.22295,0.0144305,0.019218
392,1.30846,0.0183545,0.019564
392,1.31872,0.0153762,0.019771
392,1.25498,0.0202672,0.019863
392,1.11229,0.024577,0.019531
392,1.17919,0.0137353,0.019279
392,1.18052,0.0153077,0.019383
392,1.20996,0.01521,0.019278
392,1.16948,0.0204336,0.019459
392,1.27678,0.0171636,0.019414
392,1.17745,0.0126779,0.019353
392,1.079,0.0141034,0.019222
392,1.07726,0.0180082,0.019424
392,1.13797,0.0145018,0.019266
392,1.15013,0.0201867,0.019229
392,1.22151,0.0208711,0.019276
392,1.29927,0.0171311,0.019363
392,1.20043,0.0147289,0.019329
392,1.2168,0.0139001,0.019178
392,1.19568,0.0166756,0.019174
393,1.24238,0.0175735,0.019392
393,1.16405,0.0137257,0.019506
393,1.22197,0.0153349,0.019959
393,1.12067,0.0143504,0.019691
393,1.28034,0.0147982,0.01957
393,1.17919,0.0187183,0.01938
393,1.20264,0.0130449,0.019739
393,1.269,0.0147166,0.019405
393,1.21274,0.0184554,0.019468
393,1.1922,0.0154978,0.019717
393,1.29363,0.0149024,0.019309
393,1.30868,0.0237922,0.019352
393,1.16412,0.0145655,0.019691
393,1.15337,0.0146342,0.01941
393,1.20741,0.0170499,0.019349
393,1.15087,0.0139642,0.019365
393,1.32153,0.0120704,0.019575
393,1.14231,0.0146819,0.019582
393,1.3495,0.0165533,0.019197
393,1.16739,0.0165637,0.019315
394,1.19805,0.0116029,0.019597
394,1.17204,0.0170638,0.019785
394,1.33964,0.0228547,0.020155
394,1.13177,0.016629,0.019918
394,1.29755,0.0136359,0.019809
394,1.22452,0.015021,0.019562
394,1.30223,0.0175942,0.019414
394,1.18928,0.0121855,0.019597
394,1.2035,0.015968,0.019789
394,1.12328,0.0116038,0.01949
394,1.21223,0.0173272,0.019398
394,1.2515,0.0148614,0.019335
394,1.20605,0.0156213,0.019405
394,1.326,0.0241709,0.01959
394,1.26741,0.022446,0.019558
394,1.18225,0.0109191,0.019464
394,1.18377,0.0157485,0.019543
394,1.21821,0.0187549,0.019585
394,1.22179,0.0164925,0.019307
394,1.19414,0.0176649,0.019425
395,1.11626,0.0145288,0.019817
395,1.11129,0.012259,0.019829
395,1.15741,0.0166516,0.020234
395,1.19361,0.0179032,0.019905
395,1.23917,0.0249594,0.019862
395,1.21346,0.0151162,0.019717
395,1.15927,0.0131369,0.019513
395,1.22836,0.0158761,0.019583
395,1.14702,0.0176559,0.019618
395,1.09636,0.0155526,0.019503
395,1.12583,0.0163762,0.020026
395,1.20068,0.0155696,0.019505
395,1.10987,0.0167352,0.01967
395,1.16428,0.0135395,0.019428
395,1.25498,0.0200094,0.019441
395,1.16337,0.020759,0.019576
395,1.22026,0.011998,0.019544
395,1.31221,0.0216102,0.019512
395,1.34004,0.0146701,0.019519
395,1.2062,0.0144436,0.019465
396,1.1379,0.0162337,0.019613
396,1.37031,0.0154411,0.020049
396,1.20173,0.0187831,0.019953
396,1.20197,0.0194024,0.01983
396,1.28544,0.0197048,0.019699
396,1.27431,0.0130223,0.019674
396,1.14835,0.0180649,0.020014
396,1.2513,0.0151053,0.019719
396,1.27353,0.0169127,0.019769
396,1.12628,0.0156538,0.019661
396,1.19387,0.0124202,0.019649
396,1.30241,0.0181757,0.019716
396,1.19269,0.0149781,0.019552
396,1.25094,0.0172339,0.019668
396,1.18192,0.0196636,0.019795
396,1.18393,0.0178619,0.019882
396,1.13836,0.0102941,0.019963
396,1.19202,0.0173214,0.019818
396,1.28696,0.0179585,0.019733
396,1.13433,0.0162209,0.019798
397,1.04343,0.0125161,0.020141
397,1.31307,0.0177457,0.020106
397,1.29374,0.025117,0.020044
397,1.18415,0.0140963,0.020269
397,1.27598,0.0144443,0.020023
397,1.13947,0.0177086,0.020102
397,1.21637,0.0160609,0.019767
397,1.20672,0.0199021,0.020243
397,1.22411,0.0162748,0.020082
397,1.21158,0.0150514,0.020393
397,1.15588,0.0167311,0.020483
397,1.13399,0.0131446,0.02088
397,1.1687,0.0164521,0.020238
397,1.26822,0.0151318,0.020102
397,1.11111,0.0148661,0.0199
397,1.1904,0.0168373,0.019827
397,1.16635,0.0170877,0.019858
397,1.20763,0.0153966,0.019921
397,1.23218,0.01614,0.019772
397,1.33195,0.0170018,0.019987
398,1.2382,0.0164413,0.020236
398,1.23613,0.0177692,0.02003
398,1.19349,0.0223892,0.020527
398,1.17506,0.0177671,0.020157
398,1.3028,0.0155123,0.019996
398,1.28198,0.0150355,0.01994
398,1.18825,0.0169753,0.019832
398,1.13312,0.013162,0.020069
398,1.12176,0.0189311,0.019872
398,1.21387,0.0113768,0.019941
398,1.21791,0.0147248,0.019935
398,1.15163,0.0179033,0.01974
398,1.21651,0.0185086,0.019795
398,1.12828,0.0169981,0.020077
398,1.1628,0.0189115,0.020005
398,1.20722,0.0126747,0.020034
398,1.1699,0.0135056,0.019985
398,1.19248,0.014744,0.019874
398,1.28874,0.018335,0.01995
398,1.23185,0.0224399,0.019887
399,1.2316,0.0159975,0.019931
399,1.08368,0.0163585,0.020091
399,1.22485,0.0163541,0.02036
399,1.18488,0.0178079,0.020123
399,1.29397,0.0180152,0.019966
399,1.31881,0.0142588,0.020198
399,1.27195,0.0153571,0.019981
399,1.35628,0.017347,0.019917
399,1.183,0.0143712,0.020072
399,1.18627,0.0173148,0.020169
399,1.22872,0.0167806,0.019862
399,1.26088,0.0124685,0.020214
399,1.30137,0.0157428,0.020064
399,1.25487,0.0172583,0.020027
399,1.19987,0.016822,0.020122
399,1.12513,0.0186426,0.019964
399,1.27505,0.0167077,0.0199
399,1.24983,0.0213594,0.019955
399,1.23706,0.0146903,0.019888
399,1.20549,0.0132827,0.019975
400,1.14512,0.01776,0.020432
400,1.15112,0.0119105,0.020341
400,1.10303,0.0148233,0.02027
400,1.33396,0.0189796,0.020253
400,1.25646,0.0160483,0.019972
400,1.14863,0.0219523,0.020275
400,1.18082,0.0144323,0.020227
400,1.19216,0.0132408,0.02044
400,1.08323,0.0199562,0.020103
400,1.20775,0.0294071,0.020052
400,1.25098,0.0178629,0.020228
400,1.2114,0.0154825,0.020155
400,1.24816,0.0186188,0.02004
400,1.15183,0.0152453,0.020078
400,1.11394,0.0194461,0.020147
400,1.23513,0.0150263,0.020087
400,1.15063,0.0155792,0.020103
400,1.16483,0.016482,0.020049
400,1.09468,0.0196179,0.020088
400,1.13072,0.0158297,0.020169
401,1.17678,0.0232264,0.020427
401,1.28917,0.013913,0.020269
401,1.1849,0.0204657,0.020553
401,1.35289,0.0237634,0.020265
401,1.31071,0.0217839,0.020073
401,1.13315,0.0203405,0.02019
401,1.14455,0.015717,0.020279
401,1.17626,0.0138664,0.020076
401,1.23234,0.0175375,0.02012
401,1.22078,0.0175165,0.020257
401,1.32093,0.0206049,0.020307
401,1.16239,0.0182192,0.020315
401,1.18758,0.0151288,0.020257
401,1.34152,0.018495,0.020405
401,1.29753,0.0158409,0.020317
401,1.28273,0.01928,0.020485
401,1.2502,0.0224652,0.020692
401,1.25358,0.0175119,0.020335
401,1.24921,0.0151363,0.020617
401,1.12455,0.0132633,0.020855
402,1.2366,0.0126048,0.020929
402,1.1167,0.0166023,0.020588
402,1.11449,0.0143476,0.020642
402,1.18023,0.0181832,0.020708
402,1.22173,0.0125579,0.020527
402,1.20099,0.016831,0.020677
402,1.19583,0.0190009,0.020497
402,1.29217,0.0121173,0.020464
402,1.30755,0.0156762,0.02025
402,1.23119,0.0139133,0.020443
402,1.22533,0.0239419,0.020232
402,1.33686,0.0187804,0.020532
402,1.18837,0.0143649,0.020404
402,1.25643,0.0175219,0.020492
402,1.17291,0.0139123,0.020627
402,1.18591,0.0196978,0.020413
402,1.15968,0.0174226,0.020408
402,1.22893,0.0179347,0.020337
402,1.30986,0.0172134,0.021507
402,1.17437,0.0186024,0.021047
403,1.1907,0.0260203,0.020981
403,1.29686,0.0162286,0.021297
403,1.25985,0.0175872,0.0209
403,1.19385,0.0217383,0.021005
403,1.22149,0.0135882,0.020725
403,1.18722,0.0192497,0.020509
403,1.1293,0.0181261,0.020605
403,1.26286,0.0217887,0.021005
403,1.10881,0.0121919,0.020985
403,1.11301,0.0108953,0.020409
403,1.27666,0.0154592,0.020625
403,1.19524,0.0173846,0.020603
403,1.0935,0.0132612,0.020497
403,1.24665,0.0140858,0.020566
403,1.33922,0.0163594,0.020344
403,1.26436,0.0163126,0.020354
403,1.21172,0.0204109,0.02066
403,1.21959,0.0118608,0.020751
403,1.20552,0.0157373,0.020443
403,1.10322,0.0130545,0.020434
404,1.05296,0.0103694,0.020934
404,1.17417,0.0161538,0.020728
404,1.15099,0.0158768,0.020904
404,1.14557,0.01415,0.020852
404,1.28521,0.0207666,0.020714
404,1.15714,0.0133572,0.020781
404,1.23882,0.0149525,0.02112
404,1.2806,0.0133007,0.021092
404,1.14811,0.0134361,0.020907
404,1.24665,0.0183019,0.021132
404,1.0802,0.0135661,0.021258
404,1.15079,0.0177978,0.021126
404,1.19955,0.020218,0.021005
404,1.19121,0.0133303,0.021157
404,1.28167,0.0194915,0.021019
404,1.1273,0.0171501,0.020888
404,1.23972,0.015269,0.020999
404,1.20957,0.0142049,0.020886
404,1.2127,0.0193737,0.021041
404,1.17747,0.0191119,0.020847
405,1.08642,0.0138787,0.021174
405,1.26798,0.0174927,0.021339
405,1.20647,0.0153821,0.021394
405,1.23228,0.0143364,0.021094
405,1.2288,0.0151247,0.021159
405,1.30786,0.0178954,0.020924
405,1.31592,0.0192773,0.021375
405,1.22937,0.0133302,0.020956
405,1.21477,0.0139396,0.020619
405,1.17572,0.0143864,0.02085
405,1.25137,0.0146677,0.020767
405,1.06861,0.0114776,0.020881
405,1.20476,0.0180788,0.020637
405,1.20744,0.0178969,0.021069
405,1.18974,0.0135064,0.020726
405,1.23367,0.015167,0.020757
405,1.27917,0.0171284,0.020668
405,1.17101,0.0134199,0.020786
405,1.21771,0.0183843,0.02098
405,1.18982,0.0205042,0.02097
406,1.04666,0.0126204,0.02127
406,1.25825,0.0205847,0.021809
406,1.26104,0.0160732,0.021424
406,1.21671,0.0150992,0.021311
406,1.22147,0.0177423,0.021158
406,1.16904,0.0125638,0.021241
406,1.06461,0.0123306,0.021382
406,1.19457,0.01762,0.021238
406,1.29081,0.0157906,0.021294
406,1.31772,0.02549,0.021233
406,1.17966,0.0146844,0.021544
406,1.19294,0.0154945,0.021644
406,1.27311,0.0260501,0.021223
406,1.28718,0.0200473,0.021249
406,1.3288,0.0249223,0.021352
406,1.18166,0.0164134,0.021239
406,1.13038,0.0116682,0.021575
406,1.22675,0.0150179,0.021214
406,1.4097,0.0151326,0.02121
406,1.32215,0.0218701,0.021045
407,1.33806,0.0199219,0.021283
407,1.29005,0.0157767,0.021134
407,1.0856,0.0151744,0.021246
407,1.10278,0.0160726,0.02162
407,1.26268,0.0184782,0.021302
407,1.30252,0.0164175,0.02111
407,1.27022,0.013205,0.021115
407,1.07515,0.0158073,0.020998
407,1.29513,0.018257,0.021551
407,1.18067,0.0146125,0.021643
407,1.17269,0.0195583,0.021632
407,1.17152,0.0184635,0.021276
407,1.17188,0.0197119,0.021317
407,1.16971,0.0133323,0.021274
407,1.15996,0.0197524,0.021164
407,1.285,0.01843,0.021302
407,1.20988,0.0125384,0.021385
407,1.15019,0.0170234,0.021121
407,1.1967,0.0162177,0.021047
407,1.16712,0.0171441,0.021229
408,1.21077,0.0224888,0.02134
408,1.19807,0.0156888,0.021416
408,1.20344,0.0138876,0.021761
408,1.11139,0.0195098,0.021297
408,1.24225,0.0254929,0.021293
408,1.226,0.0221683,0.021277
408,1.19751,0.0120394,0.021324
408,1.21491,0.0148939,0.021041
408,1.11861,0.0155471,0.02119
408,1.23449,0.0176302,0.021238
408,1.31416,0.0148848,0.021043
408,1.21865,0.0142071,0.021144
408,1.17659,0.0232574,0.021108
408,1.1738,0.0174811,0.021151
408,1.11011,0.0247465,0.021163
408,1.21401,0.0149658,0.021348
408,1.18812,0.0154203,0.021231
408,1.18841,0.0125238,0.021257
408,1.16191,0.0200479,0.021597
408,1.1044,0.0134756,0.021389
409,1.23147,0.0144968,0.021501
409,1.13312,0.0150071,0.021689
409,1.21852,0.0188033,0.021717
409,1.2442,0.0191958,0.021737
409,1.27297,0.0226935,0.021518
409,1.22553,0.011999,0.02159
409,1.14318,0.0165324,0.021316
409,1.1613,0.013918,0.021584
409,1.21523,0.0187132,0.021421
409,1.31953,0.015664,0.02136
409,1.32888,0.0175035,0.021121
409,1.2543,0.0187903,0.021347
409,1.23884,0.0149193,0.021242
409,1.17666,0.0180723,0.02128
409,1.12187,0.0128176,0.021435
409,1.18102,0.0157019,0.021449
409,1.23073,0.0211559,0.02131
409,1.13042,0.0132419,0.021294
409,1.08953,0.0169592,0.021396
409,1.19489,0.017955,0.02148
410,1.15454,0.0124721,0.021363
410,1.16744,0.0146284,0.021474
410,1.21584,0.0201192,0.021813
410,1.22474,0.0177015,0.021547
410,1.24563,0.0176801,0.021554
410,1.2133,0.0141578,0.021446
410,1.13143,0.0130639,0.021497
410,1.12734,0.0138982,0.021425
410,1.2153,0.0161634,0.021643
410,1.17332,0.017344,0.021318
410,1.17476,0.0139009,0.021439
410,1.2122,0.0164362,0.021466
410,1.04775,0.0132965,0.021418
410,1.16435,0.019435,0.021485
410,1.04719,0.0167091,0.022047
410,1.17773,0.0214048,0.022923
410,1.24408,0.0172591,0.023554
410,1.20685,0.0163491,0.023314
410,1.23837,0.0240633,0.023251
410,1.17785,0.0182006,0.025893
411,1.1983,0.0126687,0.026142
411,1.22835,0.014582,0.023963
411,1.23528,0.0133318,0.023556
411,1.16935,0.0146855,0.021662
411,1.21296,0.0165475,0.020874
411,1.28071,0.0174702,0.02122
411,1.09966,0.0147102,0.021515
411,1.25064,0.0169509,0.021235
411,1.09222,0.0149304,0.021109
411,1.23742,0.0129233,0.021013
411,1.24936,0.0116518,0.025136
411,1.10281,0.0144002,0.021721
411,1.13637,0.0163543,0.021849
411,1.18271,0.0129109,0.022158
411,1.2408,0.0176018,0.022082
411,1.07837,0.0109844,0.022025
411,1.18266,0.0192045,0.022018
411,1.14439,0.0175979,0.021785
411,1.20075,0.0130708,0.021952
411,1.17416,0.0146971,0.021817
412,1.15189,0.0130132,0.022081
412,1.09164,0.0153712,0.02273
412,1.15124,0.0133263,0.022383
412,1.23666,0.0132837,0.022063
412,1.17435,0.0199342,0.022222
412,1.13654,0.0129062,0.022011
412,1.11844,0.0125967,0.021786
412,1.08653,0.0159044,0.02194
412,1.18861,0.016551,0.021873
412,1.19877,0.016584,0.022096
412,1.29728,0.0140869,0.022425
412,1.26248,0.0226056,0.021925
412,1.19966,0.0156001,0.022038
412,1.24202,0.0124833,0.021812
412,1.1506,0.0134185,0.021825
412,1.18867,0.0191926,0.021531
412,1.34973,0.0156536,0.021735
412,1.23166,0.0145639,0.021818
412,1.20868,0.0138222,0.022137
412,1.26171,0.0139323,0.022294
413,1.19266,0.0138055,0.022632
413,1.26629,0.0135759,0.022399
413,1.10017,0.0133764,0.022139
413,1.0904,0.0123682,0.022255
413,1.17621,0.0121012,0.022158
413,1.26525,0.0150303,0.022179
413,1.26227,0.0167928,0.021925
413,1.31143,0.0154743,0.022388
413,1.10732,0.0120051,0.02215
413,1.17904,0.0165273,0.022229
413,1.06709,0.0114541,0.02197
413,1.11785,0.0236483,0.022281
413,1.13488,0.0146913,0.021888
413,1.19275,0.0149433,0.022151
413,1.25999,0.0145242,0.022097
413,1.35317,0.0183545,0.022129
413,1.14998,0.0147056,0.022002
413,1.29875,0.0168488,0.022205
413,1.26181,0.014207,0.022282
413,1.26088,0.0181426,0.021905
414,1.2135,0.013894,0.022206
414,1.20521,0.0146249,0.022576
414,1.22803,0.0116469,0.022505
414,1.15088,0.0208873,0.02241
414,1.21749,0.0213242,0.022257
414,1.18491,0.0159658,0.022502
414,1.23007,0.0131253,0.022292
414,1.19053,0.0165811,0.022279
414,1.1558,0.0147376,0.022143
414,1.28255,0.0203664,0.022319
414,1.06602,0.0141851,0.02225
414,1.23387,0.0131948,0.022314
414,1.14349,0.0150074,0.022174
414,1.21544,0.0139792,0.022392
414,1.2165,0.0129117,0.022222
414,1.22645,0.018442,0.073146
414,1.15346,0.0173418,0.218252
414,1.19666,0.0179374,0.21964
414,1.19913,0.0124539,0.216888
414,1.14356,0.012418,0.219548
415,1.15145,0.0229203,0.221086
415,1.16768,0.0157194,0.221317
415,1.17256,0.0140013,0.219692
415,1.21026,0.0186533,0.218168
415,1.12971,0.0125099,0.219248
415,1.20524,0.0140496,0.220083
415,1.13618,0.0177616,0.221325
415,1.20301,0.0118044,0.219172
415,1.15765,0.0162684,0.221302
415,1.24133,0.0216854,0.218746
415,1.26761,0.0121654,0.219003
415,1.15761,0.0192879,0.218916
415,1.15087,0.0167629,0.21859
415,1.15994,0.0148816,0.219333
415,1.15938,0.0141367,0.062044
415,1.17038,0.0111719,0.021372
415,1.19294,0.0128689,0.021224
415,1.27329,0.0173939,0.021314
415,1.19465,0.0168792,0.021385
415,1.27785,0.0172549,0.021667
416,1.1714,0.0122201,0.021718
416,1.23176,0.0132991,0.022092
416,1.15264,0.0168467,0.022226
416,1.20134,0.0221199,0.022276
416,1.09286,0.0111582,0.022043
416,1.1814,0.0163012,0.021923
416,1.28303,0.021378,0.022156
416,1.17898,0.0161705,0.022066
416,1.22849,0.0149282,0.022051
416,1.11454,0.0165345,0.02196
416,1.18933,0.0116011,0.022082
416,1.17764,0.0188439,0.022413
416,1.1223,0.0125513,0.022313
416,1.16834,0.0159853,0.02186
416,1.33094,0.0141132,0.022364
416,1.14661,0.0163943,0.021956
416,1.24283,0.0173341,0.021968
416,1.23961,0.0116758,0.021957
416,1.27436,0.0151635,0.022527
416,1.22313,0.0142942,0.022066
417,1.26283,0.015295,0.022291
417,1.24802,0.0118939,0.022529
417,1.17939,0.0214977,0.022687
417,1.3058,0.0146384,0.022506
417,1.19722,0.0124783,0.022461
417,1.31012,0.0217034,0.022112
417,1.10995,0.0153667,0.022645
417,1.30133,0.0150627,0.022307
417,1.22117,0.0173003,0.022593
417,1.23549,0.0180616,0.022627
417,1.1294,0.0142224,0.022301
417,1.19483,0.015073,0.02237
417,1.15059,0.0144028,0.022524
417,1.25654,0.0191819,0.022342
417,1.20862,0.023168,0.022768
417,1.14806,0.0148208,0.022307
417,1.26186,0.0177668,0.022424
417,1.05561,0.0147793,0.02242
417,1.0782,0.0174267,0.022573
417,1.16085,0.0138743,0.022567
418,1.20482,0.0139186,0.022558
418,1.13208,0.0116725,0.022621
418,1.40885,0.0232247,0.022764
418,1.23461,0.0178945,0.022703
418,1.17056,0.0198017,0.0224
418,1.13483,0.0107854,0.022847
418,1.13728,0.0228604,0.022856
418,1.3033,0.0166155,0.022538
418,1.23599,0.0129788,0.022589
418,1.23939,0.0148667,0.022578
418,1.21713,0.0107964,0.022757
418,1.24193,0.0167314,0.023251
418,1.12246,0.0196328,0.022878
418,1.13149,0.0164093,0.023006
418,1.03601,0.0130007,0.022703
418,1.24743,0.0150435,0.02277
418,1.11046,0.0153696,0.02273
418,1.18646,0.0159891,0.022832
418,1.10947,0.0251582,0.022548
418,1.13263,0.01399,0.022519
419,1.35029,0.0170854,0.023043
419,1.15694,0.0124049,0.022906
419,1.24267,0.0188224,0.022761
419,1.15926,0.0139942,0.022913
419,1.19008,0.01894,0.022742
419,1.15492,0.0131796,0.022479
419,1.18572,0.0135716,0.222794
419,1.26325,0.0164103,0.222491
419,1.2076,0.0198733,0.225645
419,1.33518,0.0208216,0.223428
419,1.18725,0.0102402,0.22391
419,1.30207,0.0148335,0.223507
419,1.17939,0.0174228,0.224283
419,1.20445,0.015781,0.224921
419,1.17436,0.0143006,0.224072
419,1.27088,0.0154985,0.224239
419,1.21792,0.0138364,0.223209
419,1.10945,0.0132539,0.226758
419,1.22373,0.0172713,0.226863
419,1.1989,0.0150378,0.222814
420,1.18202,0.0172106,0.22711
420,1.1311,0.0175721,0.224853
420,1.28772,0.0232423,0.224793
420,1.1416,0.014772,0.22541
420,1.04613,0.012165,0.067996
420,1.24599,0.013327,0.021446
420,1.25755,0.0202401,0.021338
420,1.2414,0.0149169,0.021624
420,1.18413,0.0116484,0.021608
420,1.25212,0.0190354,0.021834
420,1.26993,0.0181537,0.021761
420,1.24633,0.0170956,0.021843
420,1.1834,0.0122372,0.021753
420,1.20505,0.017385,0.021951
420,1.29085,0.0168497,0.021546
420,1.21289,0.0137345,0.021637
420,1.14569,0.010755,0.021589
420,1.14422,0.020984,0.021588
420,1.20565,0.0126061,0.021708
420,1.17747,0.0243639,0.021566
421,1.22472,0.0134708,0.022007
421,1.16967,0.0140931,0.02174
421,1.11566,0.0147458,0.02209
421,1.18629,0.0142549,0.021814
421,1.26978,0.0274977,0.021953
421,1.30328,0.0224234,0.021679
421,1.22655,0.0136719,0.021845
421,1.17975,0.0160596,0.021882
421,1.19453,0.0147227,0.021832
421,1.15699,0.0139478,0.021925
421,1.21807,0.0201901,0.021972
421,1.27202,0.0238759,0.021791
421,1.20558,0.0115488,0.021734
421,1.20202,0.0156028,0.021792
421,1.19874,0.0164757,0.021851
421,1.20465,0.0167537,0.021695
421,1.07329,0.0130918,0.021838
421,1.25495,0.0152037,0.021777
421,1.22365,0.0132576,0.021756
421,1.23197,0.0167796,0.021895
422,1.24036,0.0195038,0.025866
422,1.30553,0.0138887,0.022608
422,1.17889,0.0125285,0.023064
422,1.16633,0.0113464,0.022987
422,1.2377,0.0130948,0.023266
422,1.11586,0.0149099,0.022909
422,1.19529,0.0165031,0.022884
422,1.27104,0.0185293,0.023071
422,1.24177,0.0119451,0.02311
422,1.16655,0.0139568,0.023232
422,1.26093,0.0215439,0.023231
422,1.10379,0.0109083,0.023071
422,1.27002,0.0161205,0.023097
422,1.2899,0.0233214,0.022974
422,1.1352,0.0139218,0.023361
422,1.2108,0.0152391,0.023046
422,1.226,0.0126016,0.022861
422,1.18149,0.0165752,0.022869
422,1.29374,0.0153722,0.022796
422,1.24606,0.0141004,0.022954
423,1.08126,0.0119426,0.023073
423,1.19858,0.0158318,0.023369
423,1.24996,0.0134501,0.023475
423,1.16785,0.0164554,0.023088
423,1.15122,0.0167607,0.022912
423,1.2952,0.0112145,0.023044
423,1.1623,0.0144071,0.023368
423,1.23594,0.0140093,0.023282
423,1.24556,0.0142752,0.023445
423,1.29741,0.0184004,0.023177
423,1.20691,0.0217004,0.023271
423,1.34449,0.0156673,0.023138
423,1.14156,0.0157403,0.023057
423,1.09369,0.0120562,0.022971
423,1.02423,0.0123146,0.022936
423,1.2184,0.017266,0.097786
423,1.16491,0.0172113,0.229534
423,1.24487,0.0159955,0.230677
423,1.30468,0.0153166,0.229894
423,1.22653,0.022726,0.230673
424,1.1835,0.0127649,0.230719
424,1.28628,0.0129927,0.231197
424,1.15886,0.0142033,0.232792
424,1.32038,0.0170964,0.230417
424,1.20067,0.0128511,0.230783
424,1.1565,0.0176035,0.231127
424,1.14294,0.0157884,0.232913
424,1.21207,0.0139364,0.2325
424,1.12541,0.0208012,0.231749
424,1.17652,0.0179604,0.231426
424,1.30852,0.0197488,0.229803
424,1.17061,0.0139305,0.230157
424,1.1969,0.0223462,0.205731
424,1.16082,0.0159989,0.022389
424,1.31105,0.0216931,0.022235
424,1.13827,0.0121089,0.022394
424,1.12642,0.0205217,0.02238
424,1.20807,0.0122727,0.022792
424,1.22383,0.0131747,0.022623
424,1.23975,0.0148582,0.022757
425,1.27397,0.0186615,0.022984
425,1.17098,0.0154801,0.023416
425,1.23203,0.015491,0.023221
425,1.23857,0.0159614,0.02321
425,1.06766,0.0162407,0.02302
425,1.12964,0.0129529,0.023397
425,1.24861,0.0161376,0.023029
425,1.19715,0.0188009,0.023099
425,1.26341,0.0126484,0.023047
425,1.15573,0.0148145,0.02314
425,1.19683,0.0124084,0.023261
425,1.22236,0.01493,0.023072
425,1.12091,0.012169,0.023324
425,1.13728,0.0156535,0.023191
425,1.1675,0.0157256,0.023438
425,1.19077,0.0153146,0.02351
425,1.15645,0.0164067,0.025363
425,1.12887,0.0119932,0.02425
425,1.20334,0.0137684,0.023676
425,1.33215,0.015035,0.023592
426,1.17513,0.0191081,0.023707
426,1.11061,0.0153037,0.024286
426,1.18109,0.0200612,0.024944
426,1.13507,0.0146411,0.025027
426,1.23127,0.0163741,0.024547
426,1.10256,0.0150539,0.024183
426,1.15487,0.0166974,0.024163
426,1.12188,0.0214091,0.023953
426,1.17605,0.012509,0.02365
426,1.20167,0.0202878,0.0241
426,1.12086,0.0157436,0.02395
426,1.25218,0.0157837,0.023817
426,1.18599,0.011973,0.023775
426,1.25107,0.0143988,0.023821
426,1.08063,0.0150031,0.023712
426,1.16196,0.0165009,0.023544
426,1.17563,0.0108067,0.023933
426,1.23693,0.0149338,0.023996
426,1.18533,0.0113033,0.02404
426,1.23765,0.0188213,0.023679
427,1.23664,0.0211036,0.023942
427,1.12488,0.0130702,0.024327
427,1.17313,0.0128819,0.024221
427,1.18263,0.0102612,0.024015
427,1.18007,0.0110712,0.023787
427,1.17438,0.0107758,0.02441
427,1.21972,0.0167772,0.024115
427,1.26526,0.0180777,0.0244
427,1.23116,0.0177485,0.023965
427,1.15535,0.0168409,0.024138
427,1.18115,0.0163715,0.024242
427,1.16335,0.0130506,0.024214
427,1.22225,0.0135455,0.024622
427,1.14495,0.0157622,0.02452
427,1.1832,0.0171833,0.024522
427,1.32624,0.013725,0.02452
427,1.21186,0.0161816,0.02436
427,1.28783,0.0162444,0.024704
427,1.31843,0.0148381,0.024616
427,1.0176,0.0135428,0.024215
428,1.21018,0.0146413,0.235102
428,1.16917,0.0129199,0.23537
428,1.29616,0.0305638,0.23287
428,1.19072,0.0157153,0.235034
428,1.20622,0.0175533,0.23428
428,1.22771,0.0113237,0.233409
428,1.14187,0.0113899,0.233102
428,1.11247,0.0105083,0.233593
428,1.2461,0.01298,0.23337
428,1.13333,0.0120118,0.235702
428,1.20236,0.019542,0.234439
428,1.14258,0.0123871,0.232921
428,1.23075,0.0172722,0.234802
428,1.2473,0.0126159,0.232305
428,1.16026,0.014982,0.240753
428,1.15027,0.0154154,0.237214
428,1.12623,0.0130885,0.232754
428,1.18224,0.0139949,0.140283
428,1.16159,0.0147641,0.022751
428,1.20895,0.019607,0.023446
429,1.23622,0.0232892,0.024125
429,1.21557,0.0145315,0.02428
429,1.19469,0.0217585,0.024329
429,1.16976,0.0142025,0.024594
429,1.25458,0.0147759,0.024467
429,1.24242,0.014339,0.024315
429,1.17159,0.0145968,0.024531
429,1.04959,0.013265,0.024418
429,1.16901,0.0258973,0.024621
429,1.15343,0.0156851,0.025094
429,1.13403,0.0146026,0.024594
429,1.22123,0.0120805,0.024664
429,1.39579,0.0220031,0.024597
429,1.25049,0.0126412,0.024932
429,1.13733,0.0152874,0.024636
429,1.22422,0.0124286,0.024708
429,1.14568,0.0131811,0.024877
429,1.16188,0.0127542,0.024595
429,1.19658,0.016662,0.024658
429,1.11728,0.0154145,0.024771
430,1.23964,0.0155915,0.024798
430,1.27957,0.0178096,0.025089
430,1.17118,0.0167377,0.025244
430,1.21636,0.0148929,0.025432
430,1.21405,0.0223095,0.024848
430,1.25185,0.0159918,0.02511
430,1.17466,0.0148107,0.025091
430,1.20887,0.016458,0.024857
430,1.24035,0.0138894,0.024901
430,1.07012,0.0136216,0.024884
430,1.10357,0.017187,0.024962
430,1.32865,0.0149074,0.024811
430,1.08976,0.0120507,0.024998
430,1.25328,0.0217007,0.025225
430,1.11708,0.0163206,0.025272
430,1.18545,0.0135555,0.024981
430,1.07567,0.0122472,0.025177
430,1.18739,0.0128014,0.025115
430,1.24306,0.016783,0.024861
430,1.15875,0.0153765,0.025068
431,1.14697,0.0112244,0.025179
431,1.19512,0.0147141,0.025212
431,1.23645,0.0116142,0.025176
431,1.26469,0.0112782,0.024986
431,1.16351,0.0128008,0.025023
431,1.19596,0.0160351,0.025082
431,1.18603,0.0122334,0.025174
431,1.15241,0.0231761,0.025193
431,1.26529,0.0129802,0.024977
431,1.22341,0.0163762,0.025116
431,1.22748,0.0130269,0.025121
431,1.15366,0.01287,0.024856
431,1.189,0.017652,0.025071
431,1.2646,0.0138081,0.024947
431,1.14198,0.0138568,0.025063
431,1.24673,0.01642,0.025031
431,1.24102,0.0184225,0.025023
431,1.23697,0.0117812,0.025031
431,1.26369,0.0139948,0.025067
431,1.12593,0.0131203,0.025136
432,1.22541,0.0183096,0.025386
432,1.20907,0.01163,0.02542
432,1.1606,0.015859,0.025155
432,1.22484,0.0141121,0.025232
432,1.25977,0.0146404,0.025407
432,1.20747,0.01396,0.025436
432,1.18563,0.0154754,0.025382
432,1.22233,0.0177367,0.025303
432,1.212,0.015028,0.025227
432,1.23068,0.0184116,0.025453
432,1.29946,0.0210073,0.025282
432,1.26162,0.0159519,0.025866
432,1.16123,0.014158,0.025562
432,1.12283,0.0182641,0.025784
432,1.14612,0.0141694,0.025376
432,1.22476,0.0165253,0.025484
432,1.21026,0.0103914,0.025455
432,1.21275,0.0143713,0.025743
432,1.14263,0.0198725,0.025403
432,1.16686,0.0157636,0.025414
433,1.16207,0.0119284,0.025655
433,1.05145,0.0184964,0.026199
433,1.2435,0.0154168,0.025979
433,1.28673,0.012427,0.025563
433,1.0782,0.0156774,0.025645
433,1.21482,0.0149926,0.026206
433,1.18917,0.0185328,0.025599
433,1.17548,0.016597,0.025719
433,1.27188,0.0157346,0.025655
433,1.29947,0.0154462,0.025513
433,1.1935,0.0160726,0.026097
433,1.27372,0.0146969,0.025687
433,1.20765,0.0165272,0.025909
433,1.20304,0.0171987,0.025737
433,1.21187,0.0149292,0.025869
433,1.19938,0.0168275,0.02574
433,1.30493,0.0133705,0.026344
433,1.17203,0.012956,0.025768
433,1.24146,0.0135836,0.025742
433,1.2011,0.0146744,0.025821
434,1.14927,0.0138618,0.026157
434,1.22221,0.0108611,0.026074
434,1.09116,0.0140741,0.026422
434,1.27044,0.0111235,0.026122
434,1.18886,0.0125577,0.025941
434,1.14296,0.0165618,0.025905
434,1.25674,0.0139627,0.025776
434,1.18064,0.0199727,0.026162
434,1.23373,0.0146384,0.025618
434,1.19892,0.0145741,0.025558
434,1.14441,0.0129172,0.025653
434,1.31692,0.0139905,0.025875
434,1.35177,0.0185223,0.026203
434,1.22535,0.0125928,0.026656
434,1.19273,0.014383,0.02626
434,1.17236,0.0142688,0.026028
434,1.2342,0.0163783,0.026044
434,1.17748,0.0166582,0.025916
434,1.24453,0.0136982,0.026062
434,1.23292,0.0132338,0.025776
435,1.28245,0.0157593,0.026391
435,1.21658,0.012453,0.026308
435,1.22933,0.0157299,0.026578
435,1.1502,0.0124692,0.027037
435,1.12706,0.012642,0.026412
435,1.21901,0.0153401,0.240755
435,1.16156,0.0132063,0.246311
435,1.22488,0.0218102,0.241835
435,1.21177,0.0117556,0.246529
435,1.20942,0.0135056,0.244262
435,1.16947,0.0169148,0.243394
435,1.27154,0.018147,0.244334
435,1.24606,0.0136512,0.243514
435,1.14072,0.0185034,0.243793
435,1.21765,0.0143086,0.244168
435,1.13042,0.0113339,0.243879
435,1.16302,0.0137333,0.243452
435,1.20363,0.0133888,0.244981
435,1.2628,0.013521,0.24232
435,1.11807,0.010061,0.243075
436,1.2517,0.017753,0.244544
436,1.16296,0.0184335,0.197539
436,1.17447,0.0162172,0.024602
436,1.25429,0.0154869,0.025817
436,1.19473,0.0143492,0.027088
436,1.18008,0.014853,0.027367
436,1.33016,0.0166936,0.027163
436,1.31057,0.0238024,0.026919
436,1.26133,0.013034,0.02714
436,1.10005,0.0197687,0.027274
436,1.13482,0.0168372,0.028133
436,1.22928,0.0201784,0.027183
436,1.13557,0.0141337,0.027013
436,1.22506,0.0135842,0.027381
436,1.06596,0.0125652,0.027465
436,1.19468,0.0160663,0.027235
436,1.2179,0.0157477,0.027082
436,1.13013,0.0176663,0.026986
436,1.1463,0.0110715,0.026896
436,1.3271,0.0153746,0.026816
437,1.16967,0.015296,0.027091
437,1.17702,0.0129568,0.027251
437,1.25994,0.0151237,0.027521
437,1.28271,0.0160612,0.027164
437,1.16096,0.0131597,0.027439
437,1.21414,0.0161694,0.027244
437,1.14196,0.0168044,0.027409
437,1.15046,0.0149796,0.027703
437,1.2177,0.0169267,0.027304
437,1.18486,0.0150422,0.027111
437,1.19266,0.0119618,0.027623
437,1.19502,0.0180051,0.0271
437,1.24726,0.0215042,0.027172
437,1.18916,0.0122429,0.027504
437,1.29588,0.0163584,0.027233
437,1.24484,0.0183172,0.027139
437,1.19171,0.0166471,0.027235
437,1.15817,0.0136088,0.027781
437,1.16811,0.0115766,0.027784
437,1.21347,0.0153641,0.02724
438,1.23194,0.0194528,0.027998
438,1.16837,0.0213216,0.027711
438,1.16109,0.0136317,0.028136
438,1.15421,0.0195538,0.027305
438,1.20049,0.0146132,0.027649
438,1.19494,0.0121633,0.028039
438,1.22812,0.017428,0.029051
438,1.2182,0.0121047,0.027875
438,1.16571,0.0128551,0.027577
438,1.19823,0.0158966,0.027614
438,1.20798,0.0123416,0.027536
438,1.30167,0.0151469,0.027619
438,1.18441,0.014466,0.027734
438,1.19515,0.013485,0.028028
438,1.17343,0.011209,0.027717
438,1.20179,0.0129284,0.028012
438,1.29529,0.0145017,0.02746
438,1.1727,0.0177257,0.027364
438,1.2766,0.015729,0.027399
438,1.23203,0.017559,0.027757
439,1.07173,0.0104304,0.028
439,1.20262,0.014057,0.028888
439,1.17693,0.0154493,0.029547
439,1.14186,0.0145036,0.028598
439,1.10711,0.0110347,0.028688
439,1.16342,0.0170877,0.028177
439,1.19375,0.0123622,0.028175
439,1.21695,0.0159913,0.027598
439,1.20784,0.0167512,0.02831
439,1.11651,0.0129968,0.028515
439,1.05941,0.0223405,0.02819
439,1.1204,0.0112364,0.028275
439,1.18284,0.0122982,0.028118
439,1.17869,0.0119598,0.027915
439,1.19589,0.0123638,0.027633
439,1.13016,0.0170785,0.027568
439,1.26522,0.0161783,0.027578
439,1.14231,0.0185162,0.027798
439,1.24109,0.0190496,0.027911
439,1.25666,0.0158901,0.027905
440,1.15602,0.0144154,0.02817
440,1.26194,0.0157327,0.02794
440,1.21228,0.0129929,0.028342
440,1.26572,0.0167815,0.027941
440,1.17555,0.0139897,0.027947
440,1.17276,0.0133516,0.027867
440,1.21505,0.0135647,0.027518
440,1.15246,0.0193598,0.027652
440,1.20929,0.0142916,0.027715
440,1.11953,0.0110275,0.027797
440,1.23931,0.013759,0.02803
440,1.15467,0.0132311,0.027954
440,1.1948,0.0148082,0.027863
440,1.21829,0.0146838,0.027776
440,1.24164,0.0136343,0.028672
440,1.09919,0.0114812,0.02799
440,1.19032,0.0153847,0.027901
440,1.21717,0.0137477,0.027862
440,1.16967,0.0130333,0.029196
440,1.14357,0.0163601,0.028608
441,1.21738,0.0151742,0.028582
441,1.21529,0.0142559,0.028933
441,1.20696,0.0152784,0.028495
441,1.22783,0.01556,0.028184
441,1.15627,0.0109044,0.028309
441,1.19022,0.0217034,0.028144
441,1.13017,0.0155129,0.028165
441,1.19368,0.0151614,0.028139
441,1.1027,0.0170007,0.02781
441,1.18965,0.0103434,0.02828
441,1.10468,0.0112303,0.02848
441,1.25037,0.0191356,0.028289
441,1.16223,0.0136441,0.028163
441,1.17243,0.011118,0.028039
441,1.29611,0.0150981,0.028238
441,1.12293,0.0110437,0.028077
441,1.17183,0.0159559,0.028062
441,1.20829,0.0146538,0.028171
441,1.18476,0.0129699,0.028
441,1.14911,0.0134055,0.028034
442,1.20461,0.024688,0.028478
442,1.22705,0.0151381,0.028514
442,1.17849,0.0121609,0.028303
442,1.16742,0.0183182,0.028194
442,1.12769,0.0117765,0.029159
442,1.20471,0.0133573,0.028142
442,1.2484,0.0132657,0.028335
442,1.24703,0.0132539,0.028392
442,1.18043,0.0132942,0.028317
442,1.34385,0.0166754,0.028507
442,1.22544,0.0162526,0.028689
442,1.2088,0.0137344,0.028581
442,1.17057,0.0210981,0.028864
442,1.25986,0.0117488,0.028782
442,1.18307,0.0190736,0.028533
442,1.1981,0.0147788,0.028632
442,1.12546,0.0203797,0.028988
442,1.20167,0.013234,0.029039
442,1.23674,0.0185264,0.028996
442,1.2147,0.0142783,0.028471
443,1.29354,0.0245731,0.028689
443,1.12469,0.0133304,0.029184
443,1.202,0.0171616,0.028936
443,1.18458,0.0139235,0.028591
443,1.19321,0.0129779,0.028727
443,1.24228,0.0136257,0.028412
443,1.21795,0.0147137,0.028532
443,1.16707,0.0170452,0.028774
443,1.19548,0.0150215,0.028692
443,1.13735,0.0145811,0.028685
443,1.32908,0.0170513,0.028957
443,1.21644,0.0201082,0.029164
443,1.26147,0.0159067,0.029558
443,1.08642,0.0143645,0.028403
443,1.05151,0.0171555,0.028504
443,1.18752,0.0197206,0.028536
443,1.16124,0.0144498,0.028553
443,1.13207,0.0135849,0.02843
443,1.27474,0.0140702,0.028709
443,1.21249,0.0129174,0.028965
444,1.21685,0.015333,0.028687
444,1.03981,0.0146319,0.028777
444,1.17401,0.0174322,0.028702
444,1.19975,0.0144544,0.029108
444,1.23898,0.0179081,0.028829
444,1.08497,0.0177689,0.028396
444,1.23443,0.0169211,0.028801
444,1.20706,0.012382,0.028897
444,1.25604,0.019166,0.028536
444,1.29391,0.0169432,0.02856
444,1.17003,0.0130372,0.02863
444,1.18921,0.0138215,0.028455
444,1.22753,0.013833,0.028401
444,1.20685,0.0154511,0.028858
444,1.14949,0.0139627,0.028355
444,1.10747,0.0130652,0.028666
444,1.15198,0.0178545,0.02874
444,1.15379,0.0109902,0.028835
444,1.30285,0.0153725,0.029281
444,1.19242,0.0129159,0.029094
445,1.16019,0.0132228,0.029504
445,1.28811,0.0130606,0.02999
445,1.1637,0.0191233,0.029044
445,1.20726,0.0132288,0.029267
445,1.15931,0.0129594,0.029186
445,1.2091,0.0123748,0.029139
445,1.16426,0.0148821,0.029192
445,1.14563,0.0153267,0.029403
445,1.25953,0.0147027,0.029184
445,1.20286,0.012337,0.028879
445,1.19162,0.0152964,0.028907
445,1.22006,0.0130852,0.028864
445,1.17707,0.0137261,0.029255
445,1.24724,0.0155564,0.029098
445,1.19633,0.012616,0.029587
445,1.27621,0.0254649,0.028835
445,1.19289,0.017107,0.02894
445,1.17354,0.0115517,0.02919
445,1.16441,0.0165597,0.02895
445,1.27,0.0199556,0.028821
446,1.10741,0.0120974,0.029336
446,1.22678,0.0127399,0.029071
446,1.1984,0.0125539,0.028875
446,1.21735,0.0151866,0.028952
446,1.24219,0.0109648,0.029033
446,1.1665,0.0164021,0.028778
446,1.19775,0.0134404,0.029098
446,1.26638,0.0194951,0.029001
446,1.15374,0.0126181,0.029069
446,1.22383,0.0146882,0.028862
446,1.1973,0.0118895,0.028998
446,1.13335,0.0145687,0.02907
446,1.11033,0.0148169,0.029077
446,1.30081,0.0161819,0.028599
446,1.39017,0.0163554,0.029016
446,1.22142,0.0150013,0.029534
446,1.28882,0.028331,0.029208
446,1.1644,0.0156725,0.029144
446,1.21048,0.0216929,0.029375
446,1.20285,0.0172261,0.030389
447,1.19605,0.0128178,0.03
447,1.2089,0.0209104,0.029457
447,1.16221,0.00930697,0.029121
447,1.2193,0.0144638,0.029091
447,1.09092,0.0163877,0.029349
447,1.17658,0.0137675,0.02957
447,1.23028,0.0159551,0.029686
447,1.25817,0.0163061,0.02939
447,1.31499,0.0164054,0.029702
447,1.25344,0.013431,0.029441
447,1.02429,0.0130078,0.029145
447,1.26818,0.0136634,0.028986
447,1.31334,0.0158919,0.02893
447,1.18444,0.0164073,0.029506
447,1.16389,0.0136346,0.030268
447,1.09447,0.011241,0.029124
447,1.17416,0.0184526,0.029008
447,1.21976,0.0135869,0.029405
447,1.13716,0.0177776,0.02916
447,1.23836,0.0141757,0.029591
448,1.11829,0.0121486,0.030199
448,1.46345,0.0224392,0.030093
448,1.23892,0.0120186,0.030392
448,1.14029,0.0136811,0.029522
448,1.13022,0.011488,0.029443
448,1.15974,0.0115191,0.029769
448,1.2354,0.0158099,0.029662
448,1.24803,0.0217955,0.02937
448,1.1325,0.0127609,0.029881
448,0.997546,0.010635,0.030018
448,1.18282,0.0200564,0.029568
448,1.06277,0.0129942,0.029334
448,1.21003,0.0140963,0.029609
448,1.22182,0.0148616,0.029841
448,1.23667,0.0158488,0.029753
448,1.17043,0.0135558,0.029705
448,1.03994,0.0123318,0.029403
448,1.2347,0.0129406,0.02909
448,1.18745,0.0115173,0.029438
448,1.30004,0.0168214,0.029331
449,1.28052,0.0118805,0.029761
449,1.18338,0.0148334,0.029811
449,1.34561,0.0159789,0.030083
449,1.2326,0.0140697,0.029858
449,1.25799,0.0174424,0.02964
449,1.06822,0.0125406,0.029981
449,1.20811,0.0195679,0.029692
449,1.03641,0.0143429,0.029739
449,1.24663,0.0139005,0.029631
449,1.10263,0.0152007,0.029192
449,1.26466,0.013934,0.029889
449,1.10831,0.0126894,0.029314
449,1.23665,0.0192574,0.029363
449,1.31085,0.0216903,0.029744
449,1.28544,0.018581,0.03007
449,1.29519,0.0130986,0.02967
449,1.16155,0.0193399,0.029883
449,1.13441,0.0113259,0.02962
449,1.22696,0.0114137,0.029409
449,1.22807,0.0167299,0.030129
450,1.19583,0.013877,0.030787
450,1.22856,0.0115198,0.030439
450,1.17659,0.0119097,0.029649
450,1.25228,0.0143255,0.029939
450,1.14583,0.0169195,0.030576
450,1.19383,0.0121635,0.030425
450,1.15007,0.0113668,0.02981
450,1.18042,0.0115618,0.030299
450,1.18523,0.0152401,0.029951
450,1.37215,0.0136568,0.03011
450,1.17788,0.017017,0.030095
450,1.18049,0.0183212,0.030015
450,1.103,0.0241014,0.030172
450,1.18733,0.0126631,0.030128
450,1.23976,0.0161995,0.030367
450,1.11759,0.0115373,0.030556
450,1.22503,0.0183354,0.030276
450,1.14903,0.0115111,0.030855
450,1.12848,0.0176223,0.030149
450,1.15096,0.0139546,0.030171
451,1.10781,0.0132867,0.030955
451,1.23278,0.0180031,0.030283
451,1.34604,0.0162372,0.031038
451,1.15278,0.0157876,0.030358
451,1.19408,0.0160615,0.030398
451,1.15179,0.0130866,0.03082
451,1.3122,0.0110013,0.030524
451,1.25048,0.0187695,0.030354
451,1.213,0.0152486,0.030373
451,1.16759,0.0146461,0.029915
451,1.18063,0.0117375,0.030481
451,1.18671,0.0201399,0.030285
451,1.20571,0.0120116,0.03005
451,1.18373,0.0145079,0.030243
451,1.18299,0.0160368,0.02991
451,1.24223,0.017884,0.029986
451,1.1672,0.010755,0.030036
451,1.1733,0.0131511,0.029942
451,1.19373,0.0133878,0.029975
451,1.20584,0.0143285,0.029807
452,1.2359,0.0166879,0.031135
452,1.22423,0.013753,0.03091
452,1.14525,0.0128947,0.030331
452,1.30374,0.0146099,0.029995
452,1.15701,0.018834,0.030257
452,1.21291,0.0155005,0.030209
452,1.26069,0.0138399,0.030695
452,1.32157,0.0140925,0.030396
452,1.26688,0.0183303,0.030393
452,1.22083,0.0121899,0.030106
452,1.21147,0.0193994,0.030021
452,1.22991,0.019459,0.030214
452,1.22696,0.0210338,0.030293
452,1.2025,0.014504,0.030455
452,1.2436,0.0155999,0.030889
452,1.29248,0.0105279,0.030489
452,1.10437,0.0123071,0.030524
452,1.1532,0.0135493,0.030762
452,1.07841,0.0134945,0.030615
452,1.15381,0.0119311,0.030445
453,1.28639,0.0201755,0.030539
453,1.20801,0.0142027,0.031219
453,1.2611,0.0147575,0.030913
453,1.22906,0.0159575,0.030841
453,1.30432,0.014917,0.030541
453,1.24148,0.0169235,0.031385
453,1.17631,0.0115204,0.031067
453,1.16863,0.0131356,0.030472
453,1.10914,0.0112672,0.030728
453,1.09885,0.0154044,0.030305
453,1.15748,0.0111358,0.030581
453,1.2329,0.0190383,0.030218
453,1.21751,0.0151159,0.030335
453,1.21956,0.0245946,0.03022
453,1.23531,0.0171449,0.030278
453,1.27427,0.0148887,0.030196
453,1.16289,0.017032,0.030321
453,1.10367,0.0122756,0.030062
453,1.2978,0.0143449,0.030241
453,1.30094,0.0131178,0.030576
454,1.18367,0.013815,0.0312
454,1.24836,0.0192814,0.031018
454,1.13301,0.0128395,0.03082
454,1.1798,0.0150692,0.031252
454,1.19089,0.0144786,0.0309
454,1.16927,0.0127003,0.031295
454,1.13791,0.0109067,0.030915
454,1.13709,0.0133607,0.030844
454,1.26407,0.0150798,0.030797
454,1.2386,0.0146603,0.031014
454,1.25776,0.0123618,0.031311
454,1.16295,0.0109045,0.031404
454,1.28522,0.0226796,0.031266
454,1.28008,0.0126528,0.03099
454,1.24365,0.0151741,0.03093
454,1.20226,0.0142124,0.030739
454,1.2412,0.0158357,0.031004
454,1.21223,0.011665,0.030846
454,1.21589,0.0150588,0.030812
454,1.24012,0.0230382,0.030693
455,1.2466,0.0151102,0.031387
455,1.1913,0.0154071,0.031988
455,1.22697,0.0126547,0.031375
455,1.20135,0.0142503,0.031146
455,1.14666,0.0112083,0.031335
455,1.23908,0.0137449,0.031345
455,1.21107,0.0156006,0.031314
455,1.13346,0.0131044,0.031062
455,1.26776,0.0192724,0.031159
455,1.181,0.0209022,0.031123
455,1.16499,0.0116303,0.031413
455,1.30326,0.0173178,0.031291
455,1.19629,0.014768,0.031343
455,1.21412,0.0152085,0.031006
455,1.12518,0.0145008,0.031289
455,1.20123,0.0130138,0.031034
455,1.237,0.0190756,0.03116
455,1.30038,0.0124635,0.031249
455,1.23993,0.0167466,0.031138
455,1.31052,0.0131554,0.031059
456,1.17839,0.0127188,0.031908
456,1.26767,0.0147184,0.031585
456,1.10302,0.0143339,0.031418
456,1.24082,0.0144008,0.03123
456,1.14824,0.0103033,0.031392
456,1.28685,0.0136758,0.031226
456,1.26477,0.0218904,0.031253
456,1.23796,0.0103164,0.032328
456,1.31146,0.0137819,0.031946
456,1.13994,0.0143715,0.031485
456,1.22607,0.0129897,0.031561
456,1.16115,0.0120473,0.031378
456,1.21771,0.0143457,0.031697
456,1.10463,0.013385,0.031206
456,1.26205,0.0200794,0.031364
456,1.25502,0.015043,0.031094
456,1.13961,0.0109564,0.031185
456,1.22,0.013252,0.031132
456,1.28772,0.0142194,0.031064
456,1.23987,0.0150252,0.031086
457,1.21971,0.0164954,0.031686
457,1.16864,0.0126633,0.031955
457,1.1743,0.011799,0.031643
457,1.23494,0.0246384,0.031294
457,1.16006,0.0132375,0.031283
457,1.16889,0.0160421,0.031257
457,1.20183,0.0155356,0.03131
457,1.12479,0.0154197,0.031352
457,1.23411,0.0112716,0.031485
457,1.11805,0.0120027,0.031278
457,1.2661,0.0184728,0.031145
457,1.16123,0.0131372,0.031358
457,1.25075,0.0135127,0.031724
457,1.23699,0.0168303,0.031888
457,1.1699,0.0155283,0.03175
457,1.24523,0.015216,0.031402
457,1.28308,0.0123214,0.031561
457,1.19417,0.0142669,0.031325
457,1.1672,0.0122511,0.03141
457,1.23373,0.0125669,0.03151
458,1.1576,0.0136936,0.031797
458,1.22403,0.0113421,0.032061
458,1.19286,0.0113519,0.031306
458,1.23123,0.0143201,0.031126
458,1.26409,0.0153394,0.031908
458,1.29876,0.0149866,0.031461
458,1.21802,0.0117408,0.031573
458,1.18829,0.0148478,0.031847
458,1.05622,0.0161683,0.032048
458,1.08899,0.0104407,0.031897
458,1.14972,0.0140426,0.032251
458,1.26392,0.0154303,0.031759
458,1.16029,0.0156663,0.031588
458,1.25621,0.0170363,0.031401
458,1.26844,0.0244105,0.031472
458,1.21852,0.0113558,0.03159
458,1.19651,0.0131713,0.031618
458,1.13752,0.011926,0.031999
458,1.37385,0.0157153,0.031545
458,1.17503,0.014904,0.031704
459,1.22752,0.013029,0.031943
459,1.19278,0.0171378,0.033013
459,1.14937,0.0127298,0.032064
459,1.1834,0.0124831,0.031667
459,1.24438,0.0141474,0.031977
459,1.2023,0.0129309,0.031951
459,1.19643,0.011967,0.031824
459,1.27221,0.0134363,0.03164
459,1.2518,0.0163007,0.031566
459,1.20311,0.0132201,0.031421
459,1.16687,0.0121584,0.031542
459,1.31916,0.01383,0.031593
459,1.24477,0.0185855,0.031904
459,1.16251,0.0130201,0.032143
459,1.25548,0.0125871,0.031746
459,1.21365,0.0129815,0.032037
459,1.17993,0.00993157,0.031547
459,1.25579,0.0133658,0.031615
459,1.25025,0.0136178,0.031832
459,1.14111,0.0149936,0.032049
460,1.19756,0.0141376,0.032597
460,1.20607,0.0159232,0.033235
460,1.28242,0.0164786,0.034034
460,1.19127,0.0136875,0.033688
460,1.13275,0.0130838,0.032401
460,1.19035,0.0133944,0.032188
460,1.26302,0.0160699,0.032576
460,1.21189,0.0120538,0.032485
460,1.18764,0.0112538,0.03186
460,1.32841,0.0174577,0.032441
460,1.14753,0.0158205,0.03269
460,1.26768,0.0136571,0.031946
460,1.19981,0.0134746,0.032136
460,1.17113,0.0129552,0.03203
460,1.10941,0.0145357,0.032504
460,1.18007,0.0119725,0.032153
460,1.23458,0.0133738,0.032627
460,1.24725,0.0125269,0.032107
460,1.22589,0.0140983,0.032118
460,1.28851,0.0194318,0.032383
461,1.28557,0.0181449,0.032856
461,1.1113,0.0149663,0.03276
461,1.17267,0.0142081,0.031963
461,1.17005,0.0130791,0.031775
461,1.30546,0.0227152,0.031844
461,1.12738,0.0183436,0.031799
461,1.20045,0.0118995,0.031507
461,1.20376,0.0152979,0.032024
461,1.12074,0.0165035,0.031575
461,1.26443,0.0139294,0.031959
461,1.26797,0.0168842,0.031809
461,1.21403,0.0122961,0.031992
461,1.24064,0.0151918,0.031866
461,1.25051,0.0130214,0.031792
461,1.26408,0.0192317,0.03175
461,1.25643,0.0129837,0.031715
461,1.24687,0.0121944,0.03194
461,1.10802,0.0111273,0.032598
461,1.15835,0.0162131,0.032481
461,1.3194,0.0188591,0.0342
462,1.28141,0.0118788,0.033964
462,1.16568,0.0151549,0.032767
462,1.18658,0.013517,0.03301
462,1.23971,0.0132072,0.033683
462,1.29228,0.0182955,0.027183
462,1.0712,0.0121218,0.0276
462,1.26542,0.0130106,0.027356
462,1.25412,0.0127278,0.027677
462,1.19347,0.0128151,0.027568
462,1.30042,0.0124155,0.027612
462,1.28223,0.0145126,0.027582
462,1.33921,0.0194539,0.028202
462,1.16189,0.0130029,0.027647
462,1.173,0.0153995,0.027829
462,1.20255,0.0175938,0.028142
462,1.05004,0.0127409,0.027806
462,1.09251,0.010977,0.027956
462,1.23283,0.0116498,0.027594
462,1.23741,0.0126648,0.028008
462,1.20256,0.0133527,0.027962
463,1.25295,0.0148254,0.027826
463,1.25331,0.0124909,0.02776
463,1.22189,0.0144801,0.027634
463,1.18568,0.0177467,0.027707
463,1.14149,0.0210746,0.027748
463,1.22434,0.0129319,0.027778
463,1.29803,0.011,0.027523
463,1.18642,0.0156141,0.027617
463,1.23846,0.0123661,0.027702
463,1.1832,0.0121647,0.0277
463,1.2308,0.0122493,0.027784
463,1.18367,0.0160121,0.027888
463,1.27718,0.0132717,0.02786
463,1.25826,0.0155618,0.027817
463,1.15537,0.0126361,0.028276
463,1.11756,0.0119661,0.027766
463,1.13893,0.0105633,0.027815
463,1.22492,0.0125029,0.027774
463,1.21204,0.0144267,0.028143
463,1.03855,0.0123795,0.027885
464,1.16809,0.0150167,0.028203
464,1.18964,0.0132411,0.028884
464,1.24968,0.0122099,0.029719
464,1.19701,0.00957069,0.029233
464,1.18225,0.0129698,0.028555
464,1.11457,0.0103752,0.028421
464,1.08269,0.0123149,0.028287
464,1.13939,0.0120929,0.028656
464,1.10174,0.0132711,0.028317
464,1.26638,0.015554,0.028274
464,1.23558,0.0116336,0.028055
464,1.1514,0.01234,0.028241
464,1.32799,0.0122704,0.027936
464,1.16457,0.0156457,0.028127
464,1.23315,0.0146619,0.028002
464,1.29772,0.0161232,0.028254
464,1.18575,0.0134502,0.028038
464,1.17651,0.0128209,0.027862
464,1.13738,0.0104134,0.279532
464,1.12869,0.0141613,0.280571
465,1.20906,0.0105823,0.278462
465,1.22782,0.0191874,0.280363
465,1.14538,0.0194161,0.281497
465,1.16567,0.0141267,0.280036
465,1.14764,0.011625,0.282172
465,1.15586,0.0136563,0.286325
465,1.20486,0.0250688,0.282961
465,1.14562,0.012461,0.283099
465,1.24175,0.0133213,0.282266
465,1.17767,0.013614,0.28146
465,1.22236,0.0125314,0.280311
465,1.13229,0.0170068,0.280185
465,1.19733,0.0137999,0.122275
465,1.2634,0.0190847,0.027859
465,1.24289,0.0144745,0.028665
465,1.18722,0.0148568,0.029174
465,1.10063,0.014396,0.029522
465,1.32771,0.0141555,0.029491
465,1.15035,0.0106015,0.030138
465,1.14469,0.0117984,0.02935
466,1.13225,0.0107647,0.030308
466,1.184,0.012666,0.030385
466,1.28069,0.0154012,0.029699
466,1.20267,0.0139577,0.029227
466,1.28933,0.0128313,0.029652
466,1.22631,0.0163314,0.02932
466,1.23624,0.0170212,0.029101
466,1.23472,0.0119628,0.029149
466,1.21344,0.0166563,0.029562
466,1.32198,0.0147394,0.029409
466,1.19378,0.0127911,0.029596
466,1.15362,0.0146744,0.029545
466,1.18977,0.0153916,0.029436
466,1.08829,0.0124627,0.029572
466,1.14075,0.0175311,0.029499
466,1.21181,0.0191565,0.02936
466,1.17754,0.0108615,0.029125
466,1.22824,0.0104971,0.029289
466,1.25662,0.0140831,0.029556
466,1.22164,0.0132125,0.02946
467,1.19775,0.0121549,0.029586
467,1.20646,0.0122828,0.030079
467,1.20774,0.0205201,0.029509
467,1.25482,0.0115652,0.029835
467,1.0962,0.0150653,0.029752
467,1.14882,0.0124455,0.029846
467,1.13048,0.0133734,0.029418
467,1.1851,0.0134042,0.029803
467,1.21922,0.0192006,0.02977
467,1.17163,0.0132977,0.030105
467,1.2268,0.0150274,0.02954
467,1.15753,0.0230912,0.0298
467,1.17697,0.0118472,0.030065
467,1.17435,0.0126747,0.029721
467,1.16825,0.0127388,0.029642
467,1.18326,0.012421,0.029531
467,1.07991,0.014052,0.029534
467,1.30179,0.0139683,0.029898
467,1.28341,0.0199306,0.030142
467,1.13512,0.01647,0.029432
468,1.21039,0.011333,0.029635
468,1.26197,0.0110243,0.029976
468,1.16891,0.0107063,0.030024
468,1.22047,0.0111313,0.029814
468,1.42404,0.0120468,0.030232
468,1.23138,0.0133669,0.029863
468,1.15787,0.0191551,0.029803
468,1.1321,0.0139639,0.275052
468,1.30365,0.0162365,0.282338
468,1.12964,0.0175886,0.28288
468,1.11824,0.0159391,0.283806
468,1.14039,0.0117801,0.281612
468,1.17009,0.0160304,0.282533
468,1.21369,0.0168905,0.285444
468,1.27369,0.0129637,0.28397
468,1.18575,0.0160108,0.284807
468,1.20278,0.017064,0.282723
468,1.18213,0.0131166,0.283855
468,1.14999,0.0133475,0.283019
468,1.13475,0.0153807,0.283621
469,1.10817,0.0157235,0.287694
469,1.10159,0.015668,0.206619
469,1.16704,0.0170356,0.027567
469,1.17988,0.0120337,0.027176
469,1.21995,0.0123253,0.027443
469,1.19744,0.0136287,0.027764
469,1.27242,0.0137859,0.027623
469,1.20156,0.0140535,0.027584
469,1.32956,0.0128848,0.027766
469,1.21171,0.0137907,0.027734
469,1.17336,0.0141026,0.028103
469,1.19534,0.0131141,0.028261
469,1.20932,0.0188141,0.027566
469,1.23345,0.0150957,0.027604
469,1.2599,0.0193543,0.027722
469,1.17562,0.0161731,0.0278
469,1.33099,0.0113939,0.027916
469,1.23565,0.0168327,0.027921
469,1.11906,0.0108768,0.027559
469,1.2437,0.0132427,0.028126
470,1.24499,0.0107682,0.028224
470,1.16103,0.00945,0.028232
470,1.24729,0.0119533,0.028021
470,1.2399,0.0145947,0.027907
470,1.17436,0.0115981,0.027958
470,1.21621,0.0127364,0.027997
470,1.29743,0.0141963,0.028018
470,1.20414,0.0138682,0.027946
470,1.09812,0.0139673,0.027827
470,1.1949,0.0170225,0.027911
470,1.21655,0.0177247,0.028316
470,1.19446,0.0125823,0.027872
470,1.16286,0.0138513,0.027976
470,1.1885,0.0142107,0.0281
470,1.24281,0.011379,0.028085
470,1.18341,0.0123949,0.028341
470,1.28873,0.0122454,0.028017
470,1.33065,0.016454,0.027922
470,1.16846,0.0167038,0.028137
470,1.24396,0.0119549,0.027942
471,1.29209,0.0161007,0.028427
471,1.1901,0.0190869,0.028151
471,1.29876,0.0147114,0.028192
471,1.13637,0.0140145,0.028131
471,1.28402,0.0158917,0.028158
471,1.10095,0.0104391,0.028446
471,1.17074,0.0117988,0.028071
471,1.19769,0.0109869,0.028246
471,1.15435,0.0101938,0.028079
471,1.25615,0.0133632,0.028056
471,1.14831,0.0122946,0.028075
471,1.22927,0.013245,0.028043
471,1.29645,0.0104985,0.028048
471,1.20034,0.0137797,0.028234
471,1.17674,0.0152718,0.028113
471,1.18711,0.0123898,0.02822
471,1.18175,0.0140669,0.028124
471,1.18049,0.0109838,0.028279
471,1.17788,0.0144124,0.02817
471,1.12361,0.0110261,0.146775
472,1.18844,0.0137352,0.288721
472,1.29909,0.0150792,0.288162
472,1.28971,0.0153639,0.289497
472,1.18561,0.0126725,0.287573
472,1.19582,0.0146393,0.288567
472,1.15191,0.0154367,0.28925
472,1.19149,0.012066,0.288876
472,1.27986,0.0115449,0.289747
472,1.17463,0.0116644,0.288712
472,1.13932,0.0119462,0.292593
472,1.19335,0.0152386,0.290104
472,1.26558,0.0180747,0.28956
472,1.15648,0.0130581,0.290776
472,1.20355,0.0141102,0.244086
472,1.26036,0.0134757,0.027729
472,1.23437,0.0149721,0.027863
472,1.29811,0.0125616,0.027785
472,1.17465,0.011279,0.027843
472,1.08697,0.0126413,0.028177
472,1.14179,0.0107731,0.028031
473,1.12448,0.0139678,0.028212
473,1.1239,0.00994111,0.028516
473,1.21838,0.0127004,0.028255
473,1.23883,0.013325,0.028172
473,1.21166,0.016829,0.028405
473,1.10936,0.0106028,0.028192
473,1.15006,0.0136986,0.028058
473,1.23523,0.0111127,0.028258
473,1.20016,0.0130367,0.028276
473,1.25757,0.0125702,0.028267
473,1.1637,0.0148081,0.028243
473,1.27012,0.0124447,0.02798
473,1.16946,0.0141062,0.028257
473,1.23346,0.0185558,0.028012
473,1.23944,0.0158084,0.028574
473,1.24871,0.0188339,0.028592
473,1.20986,0.0123436,0.028185
473,1.28097,0.0103795,0.028189
473,1.19545,0.0152355,0.028676
473,1.24505,0.0151586,0.028273
474,1.18668,0.0140854,0.028381
474,1.22034,0.0154265,0.02864
474,1.29299,0.0122394,0.028428
474,1.19342,0.0135972,0.028518
474,1.26202,0.0215954,0.02842
474,1.24381,0.0137844,0.028378
474,1.18617,0.0110751,0.028235
474,1.41171,0.0140393,0.028587
474,1.16859,0.0143958,0.028295
474,1.2192,0.0155349,0.028417
474,1.13865,0.0102566,0.028378
474,1.24133,0.0110126,0.028236
474,1.15217,0.0127527,0.028413
474,1.1823,0.0131138,0.028555
474,1.25268,0.0135539,0.028343
474,1.29263,0.016395,0.028408
474,1.16742,0.0146636,0.028447
474,1.11228,0.0140031,0.028584
474,1.25742,0.0117897,0.028797
474,1.28866,0.0143759,0.028703
475,1.29969,0.0161037,0.028857
475,1.11998,0.0109307,0.028687
475,1.28826,0.014324,0.028614
475,1.16054,0.0116444,0.028657
475,1.14797,0.0125662,0.02866
475,1.18803,0.0165756,0.028697
475,1.24213,0.0211593,0.028689
475,1.12652,0.0135378,0.028673
475,1.20647,0.0121489,0.028552
475,1.18861,0.0166488,0.028565
475,1.19176,0.0170225,0.04122
475,1.17164,0.0155545,0.292375
475,1.27218,0.0129621,0.29383
475,1.15771,0.011812,0.291662
475,1.16451,0.0150655,0.292846
475,1.18323,0.0132387,0.29354
475,1.18232,0.0101076,0.292126
475,1.1209,0.0116283,0.292079
475,1.24085,0.01358,0.294194
475,1.13637,0.0181222,0.292817
476,1.25603,0.0131932,0.294705
476,1.15221,0.0157862,0.294446
476,1.17655,0.0115922,0.295723
476,1.17855,0.00973695,0.291563
476,1.23388,0.0186586,0.287297
476,1.12512,0.0115136,0.028897
476,1.2095,0.0122568,0.028028
476,1.17332,0.0114419,0.028647
476,1.18203,0.0139159,0.028628
476,1.14211,0.0220353,0.02838
476,1.27677,0.016435,0.028241
476,1.23404,0.0175484,0.028465
476,1.18866,0.0114483,0.028682
476,1.22388,0.0133794,0.02849
476,1.33735,0.0169672,0.028627
476,1.275,0.0137529,0.028349
476,1.24512,0.0144296,0.028397
476,1.22015,0.0108288,0.028562
476,1.20547,0.0192936,0.028403
476,1.17183,0.0142877,0.028546
477,1.18249,0.0161304,0.02871
477,1.17329,0.0147671,0.028929
477,1.185,0.0149074,0.028962
477,1.15127,0.014835,0.02868
477,1.21672,0.0122069,0.028608
477,1.22141,0.0185947,0.028839
477,1.17941,0.0140452,0.028744
477,1.39755,0.0145413,0.028596
477,1.19578,0.0174403,0.028763
477,1.23084,0.0190717,0.028539
477,1.13952,0.0112534,0.028755
477,1.21586,0.011012,0.028637
477,1.29056,0.0152517,0.028761
477,1.27798,0.0137578,0.02873
477,1.18986,0.0137892,0.028833
477,1.31403,0.020596,0.028901
477,1.18957,0.0167248,0.028737
477,1.10068,0.0158952,0.02869
477,1.27209,0.0184166,0.028799
477,1.21029,0.0128643,0.029104
478,1.14855,0.0208902,0.028963
478,1.11432,0.0136837,0.028964
478,1.23115,0.0181053,0.0289
478,1.07501,0.0124954,0.029245
478,1.1939,0.0143154,0.029283
478,1.20517,0.0131446,0.02904
478,1.14083,0.0192986,0.029125
478,1.23177,0.0126705,0.028911
478,1.14443,0.0128794,0.029237
478,1.17346,0.0152935,0.029049
478,1.21406,0.010156,0.029214
478,1.12203,0.0158109,0.028967
478,1.13771,0.011091,0.028905
478,1.21968,0.0114974,0.029185
478,1.20179,0.0134259,0.028864
478,1.22065,0.0116238,0.028993
478,1.29333,0.0148361,0.028961
478,1.2848,0.0140486,0.028892
478,1.19712,0.0174928,0.029004
478,1.15519,0.0133706,0.029437
479,1.235,0.0149142,0.029439
479,1.13968,0.0114673,0.261553
479,1.22044,0.0128297,0.300889
479,1.17486,0.0106134,0.300616
479,1.16812,0.0129942,0.300519
479,1.3792,0.0148448,0.299204
479,1.29024,0.0143358,0.297554
479,1.2354,0.0113569,0.297934
479,1.3698,0.0130135,0.299386
479,1.26356,0.0144183,0.297206
479,1.32078,0.0114868,0.301667
479,1.1341,0.0140374,0.29917
479,1.18447,0.0139334,0.298227
479,1.21678,0.0161658,0.301009
479,1.14933,0.0141132,0.296686
479,1.29433,0.019136,0.030098
479,1.17671,0.0169829,0.028504
479,1.27945,0.0195695,0.028695
479,1.29581,0.0143871,0.029043
479,1.22107,0.0133774,0.028711
480,1.17076,0.0210775,0.029281
480,1.26219,0.0163789,0.028914
480,1.15341,0.0146095,0.028919
480,1.16674,0.0145413,0.028999
480,1.24766,0.0116986,0.028975
480,1.19491,0.0153009,0.029286
480,1.17714,0.013788,0.029065
480,1.10645,0.0119751,0.029115
480,1.17177,0.0145588,0.028959
480,1.07368,0.0171167,0.029145
480,1.15027,0.016361,0.029151
480,1.18168,0.0110214,0.029223
480,1.19005,0.0159363,0.029114
480,1.18637,0.0108176,0.029006
480,1.17278,0.0127646,0.029106
480,1.16037,0.0123186,0.028991
480,1.22149,0.0136758,0.029171
480,1.2363,0.012525,0.029166
480,1.19304,0.0150977,0.02918
480,1.22933,0.0175327,0.02914
481,1.2299,0.0171158,0.02955
481,1.21821,0.0120338,0.029268
481,1.25647,0.0149527,0.029187
481,1.16882,0.0140035,0.029389
481,1.22669,0.0121659,0.029298
481,1.08216,0.0138309,0.029187
481,1.27322,0.0125887,0.029203
481,1.2818,0.0120556,0.029117
481,1.23744,0.0165118,0.029287
481,1.18771,0.015081,0.029272
481,1.23721,0.014077,0.02925
481,1.20949,0.0176111,0.029239
481,1.17805,0.0119672,0.029219
481,1.22968,0.0217919,0.029082
481,1.22279,0.0130273,0.029367
481,1.20457,0.0131086,0.029335
481,1.18948,0.0215122,0.029132
481,1.1473,0.0146765,0.029356
481,1.02889,0.0101582,0.029218
481,1.17484,0.0155724,0.029383
482,1.15348,0.0108733,0.029779
482,1.173,0.0127706,0.031835
482,1.11055,0.0158509,0.030069
482,1.16958,0.0107801,0.029922
482,1.08617,0.0111526,0.029789
482,1.13333,0.0121043,0.029832
482,1.25091,0.0158829,0.02976
482,1.17703,0.0110414,0.029864
482,1.24177,0.0184446,0.029649
482,1.24328,0.0124461,0.029698
482,1.15979,0.0175892,0.194403
482,1.24272,0.0136259,0.302557
482,1.15878,0.0131401,0.301482
482,1.20362,0.0147751,0.305152
482,1.19485,0.024565,0.30123
482,1.30501,0.0170613,0.302537
482,1.28796,0.0138344,0.302444
482,1.22639,0.0123304,0.30336
482,1.29416,0.0137766,0.302784
482,1.31089,0.0128027,0.303556
483,1.26364,0.0126509,0.302756
483,1.16623,0.0202814,0.303475
483,1.24631,0.0146762,0.302446
483,1.11174,0.0126527,0.303422
483,1.21945,0.0165998,0.030203
483,1.1943,0.0179657,0.029194
483,1.23703,0.0227413,0.029063
483,1.16846,0.012912,0.029167
483,1.20231,0.0111035,0.029114
483,1.2352,0.0146483,0.029153
483,1.10885,0.00933227,0.029116
483,1.34803,0.0111223,0.029383
483,1.19163,0.0169103,0.029198
483,1.31689,0.0117987,0.029294
483,1.33781,0.0155061,0.029291
483,1.19096,0.0182219,0.02948
483,1.10908,0.0124387,0.02937
483,1.26421,0.0198086,0.029401
483,1.29807,0.0139452,0.029226
483,1.1425,0.0138394,0.029547
484,1.33785,0.0142505,0.02981
484,1.28988,0.0114851,0.029919
484,1.1767,0.0142789,0.02983
484,1.20275,0.0117415,0.029447
484,1.22981,0.0115467,0.029477
484,1.28511,0.0188189,0.029585
484,1.17396,0.0127219,0.030006
484,1.16898,0.0138957,0.029597
484,1.28232,0.0142264,0.029367
484,1.25868,0.0130031,0.02958
484,1.18131,0.0203908,0.029965
484,1.29508,0.013959,0.029552
484,1.22366,0.0126591,0.029464
484,1.16879,0.0149576,0.029453
484,1.15242,0.0127278,0.02957
484,1.18694,0.0119629,0.029475
484,1.17733,0.0146354,0.029662
484,1.29693,0.0155769,0.02981
484,1.17433,0.0154709,0.029446
484,1.25165,0.0143113,0.029878
485,1.27039,0.0155493,0.029701
485,1.13807,0.0172313,0.030472
485,1.19031,0.0110251,0.029614
485,1.22113,0.0139528,0.029876
485,1.15098,0.0119966,0.029688
485,1.30051,0.0129243,0.02969
485,1.21359,0.0148789,0.029819
485,1.22557,0.0144376,0.029739
485,1.1975,0.0121029,0.030153
485,1.30465,0.0137705,0.030027
485,1.10931,0.0123043,0.030437
485,1.34377,0.0144729,0.029704
485,1.17265,0.012839,0.029837
485,1.23134,0.01574,0.029852
485,1.24268,0.0138031,0.029745
485,1.20863,0.0156035,0.029559
485,1.11834,0.0137445,0.02973
485,1.23513,0.0161712,0.029856
485,1.10092,0.0141188,0.029855
485,1.17379,0.0120222,0.029566
486,1.20422,0.0139297,0.029964
486,1.08605,0.0115138,0.029993
486,1.19258,0.0124171,0.030192
486,1.12576,0.0111845,0.02984
486,1.25491,0.0131055,0.029952
486,1.29909,0.0158861,0.029805
486,1.1685,0.0125953,0.029981
486,1.28518,0.0136281,0.030027
486,1.26998,0.0146683,0.029806
486,1.261,0.0163485,0.029961
486,1.28529,0.0217901,0.029993
486,1.18246,0.0140773,0.029846
486,1.39392,0.0198701,0.030092
486,1.11955,0.0125616,0.029813
486,1.21374,0.0115681,0.029895
486,1.13106,0.0134811,0.029822
486,1.23122,0.0159641,0.029845
486,1.26294,0.0132792,0.029891
486,1.1302,0.0113687,0.029835
486,1.19079,0.0126472,0.029885
487,1.22484,0.0118641,0.030464
487,1.19427,0.0199588,0.030172
487,1.13873,0.0151801,0.030201
487,1.26391,0.0124798,0.030123
487,1.20883,0.0116372,0.030073
487,1.11721,0.0136043,0.030148
487,1.22195,0.0121538,0.030526
487,1.12277,0.0137402,0.030192
487,1.21862,0.0140648,0.030146
487,1.19675,0.0118146,0.030131
487,1.10083,0.0164692,0.03009
487,1.15382,0.0111006,0.030054
487,1.35739,0.0210894,0.029985
487,1.21075,0.0144779,0.030504
487,1.17961,0.0122237,0.030196
487,1.23025,0.0118095,0.030086
487,1.19787,0.0147036,0.029996
487,1.11836,0.00859668,0.030158
487,1.18883,0.013294,0.030308
487,1.21897,0.0132323,0.030204
488,1.21344,0.0151454,0.030889
488,1.26618,0.0137743,0.030524
488,1.28955,0.0154856,0.030252
488,1.17503,0.0161895,0.030386
488,1.14234,0.0114379,0.03052
488,1.11998,0.0107553,0.030259
488,1.17358,0.0154463,0.030195
488,1.10767,0.0120692,0.030159
488,1.25204,0.0141961,0.030128
488,1.23142,0.0123398,0.030024
488,1.20597,0.012686,0.030397
488,1.15067,0.0134551,0.030065
488,1.25905,0.0150365,0.030323
488,1.18235,0.0112669,0.199771
488,1.2992,0.0151976,0.31039
488,1.19274,0.0105816,0.310761
488,1.21384,0.0119031,0.307948
488,1.25453,0.0184953,0.3095
488,1.14447,0.0139334,0.311824
488,1.182,0.0186392,0.31251
489,1.23015,0.0146715,0.312847
489,1.24065,0.0172528,0.313686
489,1.13258,0.0194958,0.310558
489,1.20901,0.0206431,0.314535
489,1.21557,0.0123721,0.313783
489,1.14395,0.010338,0.310223
489,1.20159,0.0120391,0.242545
489,1.1376,0.00962385,0.030169
489,1.22298,0.0177357,0.031632
489,1.09377,0.0108558,0.031825
489,1.24645,0.0111246,0.032074
489,1.11462,0.0102683,0.032002
489,1.1325,0.011163,0.03233
489,1.19446,0.0194316,0.032338
489,1.25818,0.0129704,0.032398
489,1.18122,0.0192119,0.032154
489,1.1855,0.0137398,0.032646
489,1.21944,0.0139167,0.032532
489,1.17633,0.0139018,0.03277
489,1.2556,0.0180802,0.032777
490,1.17189,0.0153911,0.033172
490,1.21564,0.016369,0.032988
490,1.18125,0.0147876,0.033173
490,1.12234,0.0150297,0.032726
490,1.24575,0.012702,0.032666
490,1.2184,0.0147677,0.03261
490,1.39792,0.0168119,0.033358
490,1.24406,0.0184682,0.032837
490,1.21215,0.012377,0.032699
490,1.21459,0.0120244,0.032863
490,1.19362,0.0112876,0.032576
490,1.21326,0.011581,0.032728
490,1.17009,0.00907022,0.032802
490,1.23211,0.0129847,0.033039
490,1.3178,0.011567,0.032757
490,1.20621,0.0169887,0.033099
490,1.26453,0.0144881,0.032736
490,1.27281,0.0178049,0.032751
490,1.1438,0.0112929,0.032832
490,1.13895,0.013316,0.032827
491,1.11034,0.0117913,0.033369
491,1.22472,0.0151227,0.033705
491,1.08749,0.0087394,0.033157
491,1.10422,0.011473,0.033388
491,1.13027,0.0146295,0.033088
491,1.16787,0.012212,0.033397
491,1.30141,0.0126784,0.032937
491,1.24786,0.0102518,0.033108
491,1.2225,0.0136033,0.03292
491,1.09945,0.0135529,0.032872
491,1.20987,0.00995911,0.033013
491,1.2311,0.0110773,0.033005
491,1.30958,0.013144,0.032979
491,1.20264,0.0177546,0.033039
491,1.18079,0.0179156,0.032895
491,1.31998,0.0158267,0.032985
491,1.28719,0.0147707,0.033663
491,1.25767,0.0118954,0.033056
491,1.15536,0.0093695,0.032922
491,1.24016,0.0167432,0.032789
492,1.17814,0.0192917,0.034088
492,1.2484,0.0200622,0.033582
492,1.23922,0.0161925,0.033541
492,1.25008,0.0182042,0.033191
492,1.28861,0.0119314,0.033213
492,1.20803,0.0123118,0.033143
492,1.17084,0.0129123,0.033336
492,1.25452,0.0135893,0.033097
492,1.22005,0.0112838,0.033223
492,1.21893,0.0113902,0.033251
492,1.18391,0.0104391,0.033213
492,1.13803,0.0160703,0.033032
492,1.27984,0.0163612,0.033159
492,1.20711,0.0124019,0.033495
492,1.26481,0.0136017,0.033792
492,1.24487,0.013069,0.033205
492,1.31645,0.0128355,0.033482
492,1.1599,0.0105508,0.033425
492,1.32967,0.0136947,0.033264
492,1.12773,0.0138289,0.033555
493,1.22036,0.0147339,0.033858
493,1.24253,0.0140011,0.033783
493,1.19981,0.0165242,0.033916
493,1.16768,0.0148435,0.033775
493,1.12826,0.013409,0.033646
493,1.16209,0.0128867,0.033398
493,1.24236,0.0144492,0.03358
493,1.26453,0.0128406,0.033322
493,1.25127,0.0129319,0.033701
493,1.17871,0.0180324,0.033926
493,1.17923,0.0144025,0.03407
493,1.21965,0.0142196,0.034003
493,1.1459,0.0148836,0.033574
493,1.22215,0.0119248,0.033778
493,1.15043,0.00962939,0.033484
493,1.14978,0.00920786,0.03341
493,1.10373,0.0134421,0.033779
493,1.21759,0.010257,0.03379
493,1.20492,0.0132873,0.033782
493,1.14442,0.011564,0.033863
494,1.23782,0.0158372,0.033827
494,1.21888,0.0137026,0.03378
494,1.16913,0.0108091,0.034098
494,1.20314,0.0142424,0.033822
494,1.1427,0.0154559,0.033718
494,1.15347,0.0110735,0.033641
494,1.2532,0.0137276,0.033911
494,1.12685,0.016718,0.03353
494,1.13826,0.0117629,0.033763
494,1.1125,0.01395,0.033841
494,1.0997,0.0134911,0.033625
494,1.15577,0.011291,0.033829
494,1.23424,0.0105186,0.033673
494,1.16943,0.014458,0.033533
494,1.27478,0.0147166,0.033777
494,1.08269,0.0116618,0.033949
494,1.14369,0.0108785,0.033895
494,1.23474,0.0129466,0.034296
494,1.15643,0.0128426,0.031348
494,1.16072,0.0142334,0.032492
495,1.21717,0.0121385,0.034048
495,1.28403,0.014878,0.034091
495,1.21403,0.0131212,0.033503
495,1.19506,0.0170161,0.0336
495,1.18876,0.0141778,0.033732
495,1.17187,0.0100955,0.033403
495,1.22745,0.010435,0.033362
495,1.23939,0.0135024,0.033532
495,1.21626,0.0140266,0.034003
495,1.1495,0.0110046,0.033345
495,1.14535,0.0115719,0.03348
495,1.15229,0.0146143,0.033546
495,1.16538,0.0111453,0.033061
495,1.23499,0.016684,0.033209
495,1.17315,0.0109032,0.033385
495,1.19321,0.0160891,0.033493
495,1.23512,0.0124332,0.033274
495,1.20044,0.0113962,0.033284
495,1.15987,0.0127693,0.033341
495,1.09685,0.0133279,0.033182
496,1.27212,0.0111752,0.033764
496,1.21621,0.0163401,0.034107
496,1.25822,0.0156679,0.033794
496,1.22332,0.0129821,0.033858
496,1.19496,0.0138556,0.03372
496,1.15908,0.0128205,0.033775
496,1.30283,0.0180236,0.033758
496,1.25386,0.0166606,0.033793
496,1.12542,0.0107268,0.034091
496,1.3069,0.0192203,0.033673
496,1.21213,0.0119597,0.03344
496,1.29762,0.0190669,0.033647
496,1.25958,0.0114349,0.033794
496,1.18352,0.014786,0.033498
496,1.18671,0.0152446,0.033969
496,1.18198,0.0176342,0.033778
496,1.14792,0.00977932,0.033752
496,1.1116,0.00962177,0.033488
496,1.26205,0.0176162,0.033617
496,1.21072,0.0127434,0.033545
497,1.20052,0.0109686,0.033833
497,1.26184,0.0126945,0.033974
497,1.17856,0.0124556,0.034226
497,1.2207,0.0110279,0.033818
497,1.18108,0.0114383,0.03391
497,1.22004,0.0128731,0.03368
497,1.31517,0.0117826,0.033938
497,1.25181,0.0114683,0.034034
497,1.14231,0.0127074,0.033619
497,1.23948,0.0139179,0.033551
497,1.16911,0.0122519,0.033887
497,1.19359,0.0138579,0.033793
497,1.25393,0.0103416,0.033954
497,1.13865,0.012525,0.033859
497,1.13229,0.0143891,0.034039
497,1.17163,0.0130924,0.033678
497,1.22677,0.0108267,0.033676
497,1.16129,0.00970655,0.034756
497,1.1875,0.0145601,0.033796
497,1.21117,0.0156468,0.033742
498,1.08448,0.0190872,0.03429
498,1.2202,0.0103977,0.034461
498,1.21745,0.0128173,0.034577
498,1.20441,0.00981229,0.033982
498,1.1856,0.0159551,0.033731
498,1.10622,0.0143423,0.033883
498,1.2886,0.0148435,0.033837
498,1.27032,0.0134448,0.033911
498,1.17881,0.0141015,0.034101
498,1.1819,0.013755,0.033981
498,1.27208,0.0126389,0.03398
498,1.18189,0.0133277,0.033878
498,1.19633,0.015496,0.034472
498,1.11476,0.0141347,0.033946
498,1.15608,0.018754,0.034495
498,1.21977,0.0132204,0.033968
498,1.18271,0.013192,0.033841
498,1.25373,0.0130718,0.034405
498,1.2788,0.0165683,0.033958
498,1.18428,0.013031,0.033881
499,1.27247,0.0166473,0.034493
499,1.16484,0.0122285,0.03513
499,1.28236,0.0167211,0.034553
499,1.28702,0.0137018,0.034313
499,1.19952,0.01407,0.034574
499,1.15438,0.0102499,0.034028
499,1.25275,0.0154846,0.034321
499,1.3128,0.0116559,0.034203
499,1.17234,0.00884376,0.034144
499,1.20564,0.0161327,0.034231
499,1.24481,0.015569,0.03455
499,1.17202,0.0112838,0.034099
499,1.2314,0.0121708,0.034166
499,1.20387,0.0154048,0.034125
499,1.21495,0.013334,0.034515
499,1.35043,0.0145429,0.034288
499,1.17507,0.0118859,0.034305
499,1.22261,0.013824,0.034199
499,1.24294,0.0124578,0.034516
499,1.18485,0.0159623,0.034031
500,1.23504,0.0152892,0.034289
500,1.22373,0.0117896,0.034742
500,1.28577,0.0109003,0.034569
500,1.26139,0.0152784,0.034382
500,1.22303,0.0113825,0.034303
500,1.20538,0.0146953,0.034441
500,1.26195,0.0125114,0.035044
500,1.30974,0.013445,0.03518
500,1.26065,0.0130142,0.035627
500,1.15953,0.0130882,0.035278
500,1.1635,0.013439,0.034686
500,1.15797,0.0237168,0.034435
500,1.32007,0.0180669,0.034233
500,1.21457,0.0232184,0.034457
500,1.17242,0.00966335,0.034518
500,1.20483,0.0134498,0.034598
500,1.1725,0.0203465,0.034336
500,1.14551,0.0128173,0.034601
500,1.23147,0.0123142,0.034368
500,1.18543,0.011552,0.034157
501,1.10467,0.0129665,0.034854
501,1.31571,0.0113965,0.035594
501,1.18492,0.0141581,0.035244
501,1.18122,0.0136077,0.034784
501,1.28445,0.0131598,0.034612
501,1.15662,0.0104478,0.034522
501,1.18209,0.0100359,0.034507
501,1.13935,0.0137807,0.034594
501,1.16491,0.0115505,0.034988
501,1.26739,0.0205236,0.034487
501,1.15973,0.00968941,0.034485
501,1.22889,0.0120372,0.034613
501,1.24321,0.0153551,0.034346
501,1.25029,0.012242,0.034808
501,1.1121,0.0117382,0.034468
501,1.23358,0.0129778,0.035279
501,1.1421,0.0111493,0.034377
501,1.18648,0.0129169,0.034525
501,1.18134,0.0117919,0.034778
501,1.25351,0.0128449,0.03458
502,1.15108,0.0170147,0.034941
502,1.18007,0.0120149,0.03504
502,1.1857,0.0139421,0.034696
502,1.13779,0.0153587,0.034823
502,1.18022,0.0146079,0.035053
502,1.1901,0.0146412,0.034746
502,1.16851,0.0113651,0.03494
502,1.19311,0.0173205,0.034786
502,1.18733,0.0131097,0.034864
502,1.19612,0.0136171,0.035023
502,1.19875,0.0169885,0.034715
502,1.14743,0.0152373,0.03452
502,1.1522,0.015021,0.034803
502,1.32025,0.0168331,0.034556
502,1.21422,0.0128541,0.034738
502,1.22502,0.0101785,0.034711
502,1.20783,0.0230782,0.034619
502,1.17975,0.0128223,0.034685
502,1.14781,0.00950844,0.034632
502,1.15306,0.0118088,0.034857
503,1.20749,0.0160284,0.035484
503,1.17374,0.0103103,0.035406
503,1.15793,0.0113344,0.034984
503,1.184,0.0106712,0.034906
503,1.27455,0.0106082,0.035334
503,1.1665,0.0139132,0.034905
503,1.28042,0.0172931,0.035813
503,1.20168,0.0166597,0.03468
503,1.32895,0.0194936,0.034998
503,1.21922,0.0141734,0.035269
503,1.24069,0.0139994,0.034788
503,1.15328,0.0112393,0.034898
503,1.17826,0.0134863,0.034647
503,1.24147,0.0149814,0.035009
503,1.19619,0.014377,0.035385
503,1.16436,0.0230579,0.034766
503,1.19228,0.0135101,0.034855
503,1.19109,0.0129491,0.03499
503,1.20831,0.0115837,0.034879
503,1.18882,0.00971239,0.035236
504,1.33594,0.0184467,0.035016
504,1.20771,0.0101397,0.036929
504,1.23811,0.0123472,0.036684
504,1.16141,0.0137599,0.035725
504,1.28712,0.0142029,0.035174
504,1.26569,0.0139633,0.035159
504,1.20605,0.0130956,0.035257
504,1.22262,0.0181705,0.035357
504,1.1351,0.0120528,0.035625
504,1.20181,0.01628,0.035265
504,1.12056,0.0120454,0.035123
504,1.12132,0.0118004,0.035463
504,1.27553,0.0144594,0.034839
504,1.18244,0.013065,0.035139
504,1.18081,0.0131062,0.035196
504,1.24549,0.0107673,0.034757
504,1.17711,0.0122903,0.034805
504,1.15493,0.0144103,0.035027
504,1.19851,0.0111117,0.035208
504,1.15836,0.0107717,0.035266
505,1.15726,0.0125115,0.035464
505,1.20443,0.0110583,0.036007
505,1.28158,0.0123238,0.035728
505,1.33553,0.0139514,0.035246
505,1.18497,0.0134003,0.035242
505,1.13291,0.0121965,0.035267
505,1.17055,0.0123923,0.035355
505,1.09401,0.00991319,0.035315
505,1.32296,0.0206815,0.035286
505,1.22958,0.0107322,0.03542
505,1.30609,0.0174934,0.035428
505,1.23386,0.0120074,0.035612
505,1.12532,0.0105572,0.034905
505,1.20978,0.0128362,0.035242
505,1.14154,0.0129791,0.035231
505,1.19324,0.0123215,0.03535
505,1.2313,0.016493,0.035197
505,1.18429,0.0104294,0.035732
505,1.21943,0.0132982,0.035322
505,1.21431,0.0170836,0.035188
506,1.17238,0.0125264,0.035468
506,1.10466,0.0151523,0.036015
506,1.08428,0.0124405,0.035496
506,1.19907,0.0140751,0.035682
506,1.13172,0.0136053,0.035353
506,1.15075,0.0117875,0.035432
506,1.24869,0.0176287,0.035558
506,1.23122,0.012876,0.035296
506,1.12586,0.0108954,0.035816
506,1.26597,0.0144699,0.035412
506,1.31546,0.0141507,0.035282
506,1.26302,0.0138564,0.035199
506,1.17541,0.0120294,0.035448
506,1.20488,0.0124493,0.035456
506,1.25456,0.0141249,0.035359
506,1.25161,0.0129204,0.035648
506,1.18344,0.0107095,0.035458
506,1.20941,0.0105539,0.035318
506,1.25671,0.0110597,0.035586
506,1.19173,0.0155903,0.035305
507,1.12334,0.0125927,0.035729
507,1.25955,0.0129179,0.035985
507,1.27118,0.0159944,0.035899
507,1.20476,0.0118332,0.036492
507,1.20457,0.00996684,0.035705
507,1.23415,0.012114,0.035582
507,1.19472,0.014781,0.035582
507,1.13801,0.0161862,0.035479
507,1.23071,0.0127506,0.035516
507,1.24861,0.0132732,0.035666
507,1.17154,0.0107636,0.035781
507,1.22958,0.0134535,0.035376
507,1.1945,0.00974548,0.035377
507,1.16423,0.0131644,0.035821
507,1.15603,0.0125113,0.036852
507,1.1495,0.00898846,0.035746
507,1.12081,0.0126371,0.035404
507,1.12082,0.0138473,0.03548
507,1.16669,0.0109438,0.035654
507,1.2664,0.0120442,0.035242
508,1.03084,0.0103851,0.036388
508,1.27585,0.0102751,0.03708
508,1.22944,0.0153716,0.036211
508,1.12238,0.0204189,0.036365
508,1.11599,0.0143159,0.036234
508,1.17922,0.0128135,0.036542
508,1.21884,0.0114209,0.036022
508,1.27472,0.0129714,0.035688
508,1.19229,0.017984,0.036002
508,1.20408,0.013982,0.035752
508,1.09293,0.0120256,0.036134
508,1.20319,0.014984,0.035751
508,1.17169,0.00976068,0.035605
508,1.20382,0.0161637,0.035729
508,1.22063,0.0124781,0.035622
508,1.23883,0.012549,0.035995
508,1.15389,0.0127235,0.035303
508,1.13341,0.0107639,0.035889
508,1.08079,0.00939252,0.035676
508,1.15042,0.0161365,0.035559
509,1.27687,0.0179912,0.03673
509,1.20674,0.0106828,0.037063
509,1.16178,0.0136613,0.036659
509,1.1658,0.0134553,0.036687
509,1.26241,0.0115339,0.036307
509,1.32322,0.0124081,0.036637
509,1.16288,0.015511,0.03659
509,1.16401,0.0135877,0.036494
509,1.25055,0.0132638,0.036748
509,1.35813,0.0201827,0.036972
509,1.2659,0.0139982,0.036419
509,1.19204,0.0115239,0.036433
509,1.17607,0.0122148,0.036396
509,1.17652,0.0130353,0.036307
509,1.19788,0.0118304,0.036049
509,1.22193,0.0154888,0.036186
509,1.16483,0.0105288,0.036144
509,1.23856,0.0135539,0.036113
509,1.26957,0.014816,0.036413
509,1.13539,0.0109105,0.036836
510,1.09262,0.0104283,0.036765
510,1.12077,0.0128554,0.036619
510,1.20249,0.0122628,0.03697
510,1.19109,0.00982091,0.037006
510,1.14725,0.0136337,0.03668
510,1.17693,0.017858,0.036576
510,1.24962,0.0166001,0.036313
510,1.18142,0.0130509,0.036471
510,1.2099,0.010421,0.036371
510,1.22212,0.0106442,0.036675
510,1.12666,0.0106324,0.036635
510,1.24116,0.0150751,0.03697
510,1.13901,0.013176,0.036773
510,1.13413,0.0141576,0.037127
510,1.15829,0.0108036,0.037075
510,1.24582,0.0154594,0.036893
510,1.16399,0.011915,0.0373
510,1.11825,0.0111241,0.03691
510,1.30198,0.0190795,0.037003
510,1.33678,0.0120314,0.037781
511,1.12856,0.0151368,0.037312
511,1.22617,0.0150085,0.037766
511,1.1456,0.015004,0.037198
511,1.19495,0.0104714,0.037318
511,1.16544,0.0111136,0.036853
511,1.24291,0.0112649,0.036956
511,1.16223,0.0101927,0.036976
511,1.23373,0.0184466,0.037185
511,1.18061,0.0153377,0.0367
511,1.26743,0.0207139,0.037022
511,1.23471,0.0104794,0.036619
511,1.25065,0.0098828,0.037016
511,1.34015,0.0131129,0.03729
511,1.12517,0.0133196,0.037074
511,1.19054,0.0127204,0.037267
511,1.27429,0.00991183,0.037036
511,1.06318,0.0101651,0.036861
511,1.22139,0.0121824,0.037139
511,1.13973,0.0171901,0.036692
511,1.22045,0.0119745,0.037516
512,1.2396,0.0213124,0.037408
512,1.27393,0.0125484,0.037598
512,1.20947,0.011414,0.037528
512,1.13149,0.0150339,0.037411
512,1.16965,0.0194473,0.037044
512,1.25098,0.0149468,0.037126
512,1.18869,0.0092888,0.037169
512,1.14723,0.0160109,0.0376
512,1.1822,0.0116945,0.037615
512,1.28668,0.00992146,0.037395
512,1.19229,0.0132133,0.037098
512,1.1511,0.0126528,0.037153
512,1.13604,0.0127623,0.037213
512,1.18374,0.0146677,0.037057
512,1.17439,0.0158746,0.036889
512,1.0859,0.0100155,0.036992
512,1.16289,0.0131823,0.037285
512,1.26316,0.0115395,0.036842
512,1.22035,0.0144776,0.037004
512,1.07013,0.0121511,0.037066
513,1.23033,0.0169677,0.037646
513,1.18699,0.0130006,0.037523
513,1.15838,0.0129085,0.036812
513,1.29501,0.0122117,0.036934
513,1.11191,0.0131245,0.036884
513,1.20967,0.0106976,0.036784
513,1.26278,0.0130796,0.036697
513,1.19968,0.0134168,0.03648
513,1.24968,0.0139647,0.036882
513,1.20238,0.0116054,0.036903
513,1.25315,0.0139999,0.037005
513,1.1446,0.0101216,0.036775
513,1.14463,0.0124915,0.036946
513,1.13469,0.0142082,0.036773
513,1.1076,0.0111871,0.036637
513,1.25559,0.0155606,0.037005
513,1.20403,0.0137155,0.036569
513,1.17736,0.0118077,0.036532
513,1.17783,0.0121928,0.036469
513,1.31744,0.010418,0.036673
514,1.25233,0.0141878,0.037095
514,1.20496,0.0138439,0.037566
514,1.1821,0.0132425,0.037307
514,1.23939,0.013455,0.037848
514,1.17247,0.0123697,0.03807
514,1.25799,0.0183318,0.037274
514,1.25039,0.010739,0.036915
514,1.17947,0.014762,0.037086
514,1.16974,0.0112258,0.037017
514,1.19663,0.01313,0.036754
514,1.21291,0.0146161,0.036647
514,1.22729,0.0120908,0.036731
514,1.27479,0.021233,0.036586
514,1.09049,0.0123957,0.036645
514,1.32587,0.0142958,0.036745
514,1.27019,0.0162962,0.036825
514,1.18753,0.0115986,0.03644
514,1.1589,0.0138355,0.036757
514,1.19677,0.0101017,0.036844
514,1.18513,0.0164834,0.037235
515,1.25415,0.0112853,0.037228
515,1.14187,0.0179566,0.037513
515,1.22883,0.0109536,0.037111
515,1.19177,0.0130537,0.036966
515,1.17718,0.0116403,0.037373
515,1.25859,0.0162972,0.037008
515,1.20829,0.01144,0.037249
515,1.22311,0.0103505,0.036923
515,1.29647,0.0132922,0.03707
515,1.17392,0.0128967,0.037394
515,1.18256,0.0106281,0.037192
515,1.22669,0.0134999,0.037295
515,1.1863,0.0146202,0.037116
515,1.1903,0.0141419,0.038026
515,1.23396,0.013273,0.037761
515,1.26708,0.0130681,0.037078
515,1.27021,0.0161232,0.036935
515,1.22446,0.0109444,0.037212
515,1.13182,0.0105268,0.037185
515,1.14667,0.0174629,0.037445
516,1.18907,0.0145183,0.0375
516,1.24456,0.0138403,0.037913
516,1.23477,0.0158944,0.037404
516,1.1654,0.0150953,0.037093
516,1.22587,0.0136144,0.037315
516,1.19674,0.010491,0.037086
516,1.21907,0.0140284,0.037108
516,1.27857,0.0115007,0.037162
516,1.18372,0.0184858,0.037442
516,1.18212,0.0123782,0.036811
516,1.21013,0.0152828,0.037166
516,1.19278,0.0123772,0.037123
516,1.32547,0.0122483,0.037166
516,1.1713,0.0114428,0.037291
516,1.15048,0.0130914,0.037226
516,1.23447,0.0125644,0.036982
516,1.22413,0.0121017,0.03716
516,1.15816,0.0107601,0.037829
516,1.28474,0.0136315,0.037186
516,1.19539,0.012697,0.037393
517,1.26537,0.0148415,0.037604
517,1.28019,0.0142305,0.037817
517,1.25569,0.0128553,0.037529
517,1.22982,0.0132008,0.037475
517,1.14202,0.00960666,0.037372
517,1.22964,0.0162651,0.037263
517,1.25249,0.0121721,0.037488
517,1.1965,0.0128547,0.03738
517,1.1538,0.0100696,0.03757
517,1.22465,0.0118361,0.03747
517,1.15203,0.0119953,0.037392
517,1.22327,0.0144243,0.037518
517,1.18287,0.0133773,0.037625
517,1.15585,0.0120354,0.037276
517,1.13753,0.0106422,0.037277
517,1.23652,0.0104457,0.037409
517,1.19328,0.0152695,0.037369
517,1.23556,0.0157972,0.037211
517,1.12683,0.0151584,0.037776
517,1.13052,0.00847645,0.037334
518,1.2715,0.0190472,0.038046
518,1.11174,0.0141513,0.038432
518,1.24199,0.016897,0.038061
518,1.17732,0.0170354,0.038366
518,1.17701,0.0146062,0.037623
518,1.17659,0.0132544,0.037998
518,1.19195,0.00952971,0.037754
518,1.2158,0.0105862,0.037677
518,1.23441,0.0120274,0.037761
518,1.24049,0.012644,0.037697
518,1.20582,0.0125985,0.037435
518,1.23487,0.0142629,0.037411
518,1.21888,0.0150635,0.037435
518,1.19676,0.0148992,0.037679
518,1.35682,0.0137157,0.037497
518,1.22373,0.0114472,0.038051
518,1.27112,0.0123254,0.037314
518,1.23872,0.0103028,0.037625
518,1.19697,0.0105089,0.03772
518,1.27923,0.0145193,0.037861
519,1.25715,0.0127971,0.037748
519,1.253,0.0158372,0.038175
519,1.21916,0.0138874,0.037612
519,1.24797,0.0128411,0.037769
519,1.23083,0.0115732,0.037637
519,1.18025,0.0238584,0.037807
519,1.14816,0.0119397,0.038782
519,1.28569,0.020131,0.037645
519,1.16167,0.0114387,0.038074
519,1.22012,0.0148819,0.037359
519,1.23441,0.0124643,0.037613
519,1.22018,0.011663,0.038269
519,1.1946,0.0095323,0.037705
519,1.24278,0.0153509,0.037521
519,1.21231,0.011751,0.037606
519,1.20059,0.0119247,0.03763
519,1.25632,0.0129938,0.037684
519,1.11218,0.00969033,0.037624
519,1.1981,0.00972217,0.03753
519,1.20122,0.0102696,0.037893
520,1.17595,0.0164301,0.037984
520,1.26503,0.0142386,0.038364
520,1.25367,0.0133854,0.037831
520,1.16128,0.014002,0.037982
520,1.09958,0.0152972,0.03787
520,1.19834,0.014602,0.03792
520,1.13836,0.0136841,0.037866
520,1.17198,0.0139178,0.038006
520,1.15576,0.0154551,0.038067
520,1.19361,0.0173334,0.038259
520,1.25136,0.0136944,0.037833
520,1.23538,0.00976149,0.038194
520,1.22694,0.0120819,0.037984
520,1.26768,0.0106488,0.038067
520,1.12622,0.0118775,0.038209
520,1.21066,0.0190157,0.037997
520,1.32754,0.0148924,0.038245
520,1.19053,0.0150137,0.037975
520,1.25391,0.0205385,0.037823
520,1.19772,0.010729,0.037598
521,1.18891,0.0147658,0.037921
521,1.21724,0.0126187,0.03837
521,1.1636,0.0110417,0.03789
521,1.32597,0.0188198,0.037512
521,1.2154,0.0110232,0.037621
521,1.16743,0.00981504,0.039224
521,1.26672,0.0128206,0.040041
521,1.21543,0.0119861,0.039854
521,1.15618,0.0105497,0.039652
521,1.13182,0.0101298,0.04042
521,1.06301,0.0110088,0.040177
521,1.23818,0.0162397,0.039557
521,1.21344,0.0110235,0.040636
521,1.21262,0.0112313,0.038982
521,1.14925,0.0127606,0.039023
521,1.17937,0.0173133,0.03888
521,1.2643,0.0105284,0.039515
521,1.21245,0.0126022,0.040283
521,1.24257,0.0115134,0.040259
521,1.20494,0.0161131,0.039317
522,1.25813,0.0128745,0.039986
522,1.1831,0.0136433,0.039887
522,1.32055,0.015235,0.039099
522,1.18355,0.0124002,0.038556
522,1.1896,0.0146266,0.039691
522,1.20132,0.0143529,0.038504
522,1.19283,0.0172946,0.039391
522,1.20015,0.015766,0.040755
522,1.21705,0.00941511,0.041367
522,1.27134,0.0114498,0.040032
522,1.20887,0.0141926,0.039401
522,1.1619,0.0104215,0.039218
522,1.08068,0.0105315,0.039274
522,1.24709,0.014015,0.039138
522,1.17314,0.010437,0.03834
522,1.12639,0.0100341,0.038536
522,1.2161,0.0156059,0.038532
522,1.20815,0.0170139,0.038721
522,1.25269,0.0137419,0.038988
522,1.06631,0.011945,0.038687
523,1.29549,0.0145024,0.039393
523,1.1761,0.0113121,0.039504
523,1.10948,0.00816075,0.039302
523,1.14619,0.0169161,0.039104
523,1.14827,0.0168462,0.038711
523,1.19761,0.0134081,0.039034
523,1.13705,0.00943644,0.038679
523,1.18845,0.0138851,0.038988
523,1.28338,0.0153707,0.039288
523,1.18753,0.0104745,0.038925
523,1.16728,0.0109951,0.360045
523,1.20944,0.0160868,0.363063
523,1.17962,0.0113647,0.359911
523,1.27575,0.011852,0.3616
523,1.19161,0.0127363,0.361384
523,1.22425,0.0155908,0.36204
523,1.26139,0.0108951,0.36131
523,1.21187,0.0115473,0.361443
523,1.26393,0.0202886,0.360756
523,1.12685,0.0112422,0.361084
524,1.28722,0.0138971,0.364607
524,1.16567,0.0117505,0.158455
524,1.22797,0.0130336,0.034768
524,1.24183,0.0137464,0.035155
524,1.17064,0.0132601,0.035171
524,1.25044,0.013965,0.034966
524,1.24669,0.0155289,0.035075
524,1.24947,0.015385,0.034992
524,1.28137,0.0123567,0.035294
524,1.16398,0.0131355,0.035079
524,1.1846,0.0125583,0.035097
524,1.2429,0.0141964,0.035342
524,1.24129,0.0134893,0.035128
524,1.25251,0.0122059,0.035139
524,1.20406,0.013909,0.03514
524,1.07157,0.0106559,0.035174
524,1.25942,0.00984425,0.035292
524,1.27037,0.0132673,0.035464
524,1.16816,0.0127699,0.035381
524,1.16566,0.0154782,0.035598
525,1.21991,0.00891719,0.035727
525,1.28587,0.0174824,0.035591
525,1.17306,0.0125381,0.035722
525,1.18933,0.016329,0.035497
525,1.19363,0.0137789,0.035672
525,1.38057,0.0123558,0.03561
525,1.27122,0.0141696,0.03553
525,1.16811,0.0148766,0.035856
525,1.158,0.0157247,0.035316
525,1.11809,0.0109538,0.03536
525,1.21204,0.0191082,0.035527
525,1.10519,0.0103019,0.03546
525,1.11079,0.00983658,0.035876
525,1.26307,0.0131937,0.035495
525,1.23497,0.0164088,0.035628
525,1.1574,0.0139603,0.035917
525,1.23914,0.0195406,0.035553
525,1.13857,0.0106127,0.036086
525,1.1464,0.0270983,0.035746
525,1.20661,0.0128702,0.035692
526,1.18852,0.0155112,0.035704
526,1.169,0.0164942,0.036089
526,1.18528,0.0144911,0.035896
526,1.35198,0.015105,0.035772
526,1.08411,0.0101513,0.03564
526,1.18155,0.0087659,0.035768
526,1.31234,0.0105058,0.035553
526,1.11824,0.0100676,0.035484
526,1.08031,0.0147597,0.035489
526,1.23979,0.0130025,0.035602
526,1.24116,0.010919,0.035976
526,1.19773,0.0142466,0.035681
526,1.16634,0.0119532,0.035447
526,1.14256,0.0104216,0.035541
526,1.16062,0.0116901,0.036022
526,1.23775,0.017092,0.036214
526,1.21427,0.0135555,0.035749
526,1.15757,0.0114925,0.035921
526,1.15834,0.0114669,0.035939
526,1.25409,0.0128915,0.036007
527,1.22723,0.0111438,0.036746
527,1.14612,0.0125477,0.036376
527,1.20932,0.0129866,0.036069
527,1.18082,0.0141857,0.036007
527,1.1641,0.00966033,0.035725
527,1.24037,0.0101491,0.036354
527,1.22188,0.0144726,0.036265
527,1.25614,0.0143174,0.036293
527,1.08183,0.0233047,0.036163
527,1.17988,0.0119685,0.035795
527,1.127,0.0149201,0.035891
527,1.21805,0.0128835,0.036276
527,1.25993,0.0153284,0.036607
527,1.21323,0.0177733,0.03595
527,1.30413,0.0133794,0.036024
527,1.25999,0.0129312,0.035995
527,1.21189,0.0134918,0.035922
527,1.2395,0.0155515,0.036201
527,1.13185,0.00942541,0.036063
527,1.1347,0.0156607,0.035821
528,1.19368,0.0126864,0.03638
528,1.13693,0.0140336,0.036346
528,1.23086,0.0105127,0.036284
528,1.19188,0.0123572,0.036488
528,1.22248,0.0123264,0.03647
528,1.18113,0.014095,0.036568
528,1.26915,0.00894727,0.036911
528,1.24141,0.0154541,0.03619
528,1.16881,0.0123579,0.036372
528,1.19478,0.0148276,0.036092
528,1.11475,0.0125648,0.036327
528,1.22092,0.0119592,0.036886
528,1.13338,0.0169698,0.036669
528,1.20656,0.0163351,0.036401
528,1.27346,0.0147344,0.036419
528,1.21564,0.0133774,0.036159
528,1.1479,0.0152189,0.036156
528,1.1806,0.0110535,0.036032
528,1.06339,0.0127915,0.036231
528,1.15681,0.0102592,0.036118
529,1.17,0.0102861,0.036549
529,1.21823,0.0106797,0.036782
529,1.30413,0.0119302,0.036341
529,1.16255,0.0129695,0.036241
529,1.23933,0.0155821,0.036497
529,1.19425,0.0130187,0.036536
529,1.20069,0.0124325,0.036394
529,1.22461,0.0175767,0.036437
529,1.19996,0.0114371,0.036422
529,1.128,0.0132118,0.036434
529,1.25538,0.0115333,0.037333
529,1.19327,0.013216,0.037101
529,1.23899,0.0101009,0.036535
529,1.18062,0.0127978,0.164643
529,1.12959,0.00954576,0.371775
529,1.21139,0.0135778,0.36803
529,1.12009,0.0143534,0.368123
529,1.23897,0.0098211,0.369686
529,1.2287,0.0162773,0.37047
529,1.23112,0.0117295,0.369014
530,1.26468,0.0169799,0.374986
530,1.1609,0.00986022,0.378243
530,1.22359,0.0212028,0.379563
530,1.17472,0.0140288,0.378824
530,1.19741,0.0107903,0.262866
530,1.18995,0.015564,0.036415
530,1.21022,0.0115427,0.03692
530,1.25687,0.010627,0.036819
530,1.22398,0.0142738,0.037531
530,1.25253,0.011692,0.037029
530,1.16749,0.0117334,0.037231
530,1.14411,0.0155296,0.038214
530,1.22604,0.0183723,0.037537
530,1.0795,0.015178,0.037314
530,1.10676,0.0150597,0.037839
530,1.32229,0.0133751,0.037954
530,1.13996,0.0119811,0.037785
530,1.15044,0.0123765,0.037517
530,1.31498,0.0190703,0.037249
530,1.20312,0.0128806,0.037497
531,1.20664,0.013433,0.038446
531,1.13511,0.0112228,0.038498
531,1.07908,0.0092211,0.038129
531,1.25029,0.010728,0.037688
531,1.2441,0.0115981,0.038164
531,1.19062,0.0107434,0.037759
531,1.18284,0.012317,0.038252
531,1.2324,0.0125087,0.038252
531,1.24965,0.0194688,0.037589
531,1.24845,0.0159326,0.037853
531,1.28419,0.0165675,0.037674
531,1.19041,0.00969873,0.038472
531,1.16028,0.0155298,0.038415
531,1.12114,0.0123858,0.038228
531,1.27818,0.012291,0.038305
531,1.21471,0.0122705,0.038096
531,1.18688,0.0123611,0.038653
531,1.14973,0.0122961,0.039088
531,1.136,0.0121124,0.03826
531,1.1818,0.0112535,0.038013
532,1.14864,0.0110482,0.038959
532,1.22429,0.0123336,0.03857
532,1.2006,0.0107964,0.038358
532,1.17314,0.0152796,0.038233
532,1.22403,0.0113005,0.03809
532,1.15916,0.0127645,0.038607
532,1.24393,0.0155802,0.038151
532,1.23177,0.0118782,0.038228
532,1.33197,0.0135172,0.038233
532,1.15245,0.0154347,0.038005
532,1.17127,0.0131841,0.037995
532,1.15405,0.0108828,0.038303
532,1.0929,0.0113681,0.038389
532,1.10423,0.00924437,0.038006
532,1.22369,0.0130724,0.037983
532,1.15777,0.0125301,0.0388
532,1.19153,0.011612,0.038048
532,1.1962,0.012826,0.037957
532,1.19646,0.0106712,0.037502
532,1.19214,0.0113494,0.038199
533,1.20234,0.0167701,0.038715
533,1.29436,0.0131487,0.03873
533,1.23549,0.0118562,0.037966
533,1.19956,0.0141044,0.037824
533,1.23956,0.0120801,0.038275
533,1.08903,0.0123598,0.038571
533,1.17428,0.0120656,0.037862
533,1.23644,0.0121294,0.037788
533,1.24824,0.0102241,0.038117
533,1.13439,0.0102455,0.0378
533,1.16008,0.011193,0.038336
533,1.2038,0.0162546,0.038427
533,1.22871,0.0145991,0.038013
533,1.20607,0.0124991,0.038212
533,1.16472,0.00927615,0.038057
533,1.21495,0.015507,0.037762
533,1.16049,0.0140373,0.038012
533,1.17947,0.0150256,0.038115
533,1.27522,0.0230322,0.038
533,1.22013,0.0189707,0.037828
534,1.22987,0.0108367,0.038637
534,1.20455,0.0126756,0.039239
534,1.19721,0.0116075,0.038212
534,1.23815,0.0141774,0.038921
534,1.21431,0.0138015,0.038987
534,1.2472,0.0137403,0.03916
534,1.18753,0.0134991,0.038541
534,1.25738,0.0124186,0.038748
534,1.10015,0.0136652,0.038987
534,1.23106,0.0103081,0.039436
534,1.18441,0.0131818,0.038843
534,1.26509,0.0134131,0.038681
534,1.24403,0.0115365,0.039684
534,1.19337,0.0141137,0.039368
534,1.18289,0.0124083,0.038731
534,1.25094,0.0166663,0.038351
534,1.16281,0.0144263,0.038696
534,1.20072,0.0124553,0.038373
534,1.12693,0.0125295,0.038614
534,1.13284,0.00981456,0.038091
535,1.20012,0.00838649,0.038365
535,1.15973,0.0119954,0.038889
535,1.12318,0.0105379,0.03826
535,1.19908,0.0126262,0.038581
535,1.09957,0.0107365,0.038319
535,1.21532,0.013654,0.038301
535,1.19554,0.0100573,0.038503
535,1.20295,0.0108784,0.03869
535,1.12957,0.0132661,0.038354
535,1.17574,0.0173208,0.039637
535,1.22,0.0127216,0.039661
535,1.25646,0.0120684,0.039595
535,1.14648,0.0145138,0.039098
535,1.15718,0.0152802,0.039107
535,1.11814,0.0107963,0.038823
535,1.1677,0.0162797,0.038112
535,1.19248,0.0125317,0.038686
535,1.24627,0.0117659,0.038777
535,1.18544,0.0129166,0.038421
535,1.2472,0.0115428,0.038427
536,1.19562,0.0122111,0.0395
536,1.31583,0.0121208,0.039756
536,1.18479,0.0117434,0.039268
536,1.12155,0.0129293,0.040611
536,1.14866,0.0118265,0.041361
536,1.24856,0.0131541,0.039715
536,1.12466,0.0119175,0.039296
536,1.17662,0.0112817,0.039349
536,1.18429,0.0112569,0.038665
536,1.13134,0.0114116,0.038535
536,1.23637,0.0122162,0.038533
536,1.10486,0.0109041,0.039063
536,1.28577,0.0127221,0.038683
536,1.10825,0.0148986,0.039366
536,1.14592,0.00972645,0.038762
536,1.26672,0.0139194,0.039109
536,1.19925,0.0110356,0.039136
536,1.22427,0.0144259,0.038756
536,1.31837,0.0134288,0.039184
536,1.21904,0.0103677,0.038735
537,1.19126,0.0101933,0.039568
537,1.17629,0.0210567,0.039331
537,1.26086,0.013168,0.03931
537,1.17227,0.0110604,0.039126
537,1.21076,0.0147662,0.039218
537,1.1973,0.010017,0.039064
537,1.2039,0.0130432,0.039014
537,1.196,0.0139125,0.03884
537,1.26091,0.0120338,0.038758
537,1.21204,0.0114997,0.038871
537,1.1819,0.0123702,0.038903
537,1.30702,0.011426,0.038859
537,1.31139,0.0122447,0.038604
537,1.20541,0.0133658,0.039314
537,1.22359,0.0137184,0.038969
537,1.19271,0.0149657,0.039356
537,1.2637,0.0115938,0.039279
537,1.15167,0.0103534,0.039732
537,1.14393,0.0124173,0.039597
537,1.15498,0.0106639,0.039733
538,1.18552,0.0135983,0.039852
538,1.25983,0.0156927,0.039592
538,1.13258,0.00979643,0.039686
538,1.11341,0.01107,0.039267
538,1.24774,0.015124,0.039372
538,1.17426,0.0142337,0.039286
538,1.23827,0.0132796,0.039543
538,1.19529,0.0125497,0.03976
538,1.25613,0.0128609,0.039343
538,1.28801,0.0112261,0.039482
538,1.22581,0.0127837,0.039592
538,1.13508,0.00968327,0.039139
538,1.11625,0.0104948,0.039202
538,1.24469,0.0136192,0.039211
538,1.20156,0.00958781,0.039343
538,1.23041,0.0165572,0.039185
538,1.23939,0.0148509,0.038886
538,1.19847,0.0130778,0.039161
538,1.20056,0.0167985,0.039334
538,1.2106,0.0121127,0.039126
539,1.26175,0.0116702,0.039376
539,1.24415,0.0117775,0.039986
539,1.17002,0.0121026,0.039799
539,1.2639,0.0120796,0.039724
539,1.23693,0.0126212,0.039677
539,1.13141,0.0130252,0.040279
539,1.23632,0.012443,0.040045
539,1.18727,0.0132495,0.040104
539,1.18246,0.0102126,0.039496
539,1.11167,0.0108443,0.039955
539,1.16686,0.00959344,0.040043
539,1.09508,0.0115125,0.039425
539,1.31157,0.0123402,0.039719
539,1.27678,0.0146654,0.038687
539,1.18396,0.0134627,0.039399
539,1.19681,0.0106204,0.03938
539,1.29885,0.0126373,0.039106
539,1.2047,0.0125282,0.039584
539,1.12582,0.0153957,0.039467
539,1.21201,0.0141185,0.039615
540,1.14176,0.00915318,0.039412
540,1.10162,0.0100937,0.040565
540,1.17372,0.0134219,0.039924
540,1.12051,0.0100683,0.040201
540,1.24632,0.0139062,0.039808
540,1.13362,0.00993015,0.039813
540,1.2421,0.0127952,0.03968
540,1.29063,0.0120689,0.039717
540,1.2414,0.0116409,0.039625
540,1.31917,0.0152758,0.039553
540,1.18821,0.0127596,0.039259
540,1.2524,0.0117274,0.039929
540,1.2541,0.0126153,0.039066
540,1.21253,0.0156715,0.040065
540,1.29728,0.0120835,0.040407
540,1.19833,0.00932845,0.040279
540,1.1789,0.0171464,0.039948
540,1.23428,0.00941647,0.039643
540,1.22111,0.00925959,0.040142
540,1.18314,0.0113014,0.039553
541,1.22546,0.0105055,0.040415
541,1.14784,0.0106823,0.040129
541,1.16564,0.0106489,0.039876
541,1.12105,0.0110568,0.039844
541,1.24073,0.010188,0.039473
541,1.20797,0.0188747,0.039625
541,1.25734,0.0159507,0.039554
541,1.09272,0.0096869,0.039626
541,1.22921,0.0127203,0.039672
541,1.15982,0.0130635,0.039857
541,1.23544,0.0155997,0.039498
541,1.11983,0.0126964,0.039417
541,1.31434,0.0125491,0.039425
541,1.21884,0.00994693,0.039457
541,1.23927,0.0130708,0.040053
541,1.21805,0.0088953,0.040006
541,1.232,0.0101029,0.040127
541,1.28461,0.0123878,0.040069
541,1.20653,0.0130109,0.039877
541,1.27663,0.014654,0.039981
542,1.09726,0.012549,0.040355
542,1.27363,0.0148248,0.041036
542,1.19066,0.0120252,0.039921
542,1.16425,0.0141978,0.040018
542,1.16383,0.0114991,0.040244
542,1.18161,0.0135858,0.039706
542,1.19148,0.01279,0.039537
542,1.08963,0.010104,0.039807
542,1.26387,0.01986,0.039608
542,1.15004,0.0116783,0.03987
542,1.26033,0.00985072,0.039661
542,1.17431,0.0102371,0.040327
542,1.12097,0.013422,0.039562
542,1.21446,0.00989224,0.039799
542,1.19097,0.0164926,0.039595
542,1.13745,0.0128919,0.039489
542,1.24737,0.0114835,0.039616
542,1.16989,0.0107335,0.040066
542,1.18945,0.0126809,0.040599
542,1.09402,0.013703,0.03958
543,1.27131,0.0115897,0.041096
543,1.19396,0.0173736,0.040989
543,1.21368,0.0110939,0.041158
543,1.22754,0.0126761,0.040421
543,1.16487,0.0101477,0.040243
543,1.19889,0.0164324,0.040145
543,1.21025,0.0129945,0.04015
543,1.1321,0.00960561,0.039714
543,1.11283,0.0112695,0.040329
543,1.15623,0.0204354,0.039841
543,1.17223,0.0132291,0.039884
543,1.28741,0.0146166,0.039747
543,1.20501,0.010456,0.040508
543,1.21104,0.0110029,0.040506
543,1.25745,0.0131448,0.041016
543,1.25873,0.00993896,0.040782
543,1.16564,0.00994802,0.040263
543,1.11507,0.0118596,0.040254
543,1.21744,0.0141071,0.040197
543,1.12926,0.01028,0.039814
544,1.21034,0.0169593,0.040398
544,1.17638,0.0126707,0.041246
544,1.30928,0.011088,0.040261
544,1.17904,0.00892384,0.04
544,1.1889,0.0139264,0.040669
544,1.27905,0.0130098,0.039803
544,1.25658,0.0141694,0.040238
544,1.22793,0.0158546,0.040138
544,1.09436,0.010845,0.039958
544,1.21956,0.0109452,0.039997
544,1.23361,0.0111738,0.040584
544,1.33703,0.0139444,0.040135
544,1.25118,0.0172056,0.040369
544,1.27543,0.0111303,0.040723
544,1.09329,0.010919,0.041228
544,1.1776,0.0121038,0.040507
544,1.2577,0.010463,0.04042
544,1.12688,0.0130444,0.040417
544,1.24909,0.0111786,0.040111
544,1.21509,0.0125188,0.040421
545,1.22037,0.0147176,0.041262
545,1.23492,0.0159613,0.040988
545,1.29179,0.01173,0.040322
545,1.17042,0.0124697,0.040473
545,1.1368,0.0116262,0.040629
545,1.1877,0.0141463,0.040371
545,1.25903,0.0141906,0.040244
545,1.27654,0.0165568,0.040535
545,1.16293,0.0118074,0.040117
545,1.2858,0.0166457,0.040657
545,1.17441,0.0107931,0.04031
545,1.12117,0.0107431,0.040583
545,1.28933,0.0112152,0.04055
545,1.03996,0.0113478,0.040476
545,1.18655,0.0116517,0.040716
545,1.29578,0.0127334,0.04007
545,1.15284,0.00917811,0.040388
545,1.26036,0.0159564,0.040617
545,1.09316,0.0102771,0.040223
545,1.21746,0.0157437,0.040429
546,1.19849,0.0106111,0.040775
546,1.38683,0.0121836,0.040549
546,1.22233,0.0152819,0.04085
546,1.19015,0.0164843,0.040362
546,1.18814,0.00942586,0.041046
546,1.18006,0.0119839,0.040857
546,1.23395,0.013664,0.040218
546,1.17575,0.0133582,0.040419
546,1.1205,0.0131824,0.040827
546,1.2558,0.01137,0.040358
546,1.26201,0.0113906,0.040251
546,1.27562,0.0110931,0.040643
546,1.159,0.0139317,0.040551
546,1.12532,0.0107235,0.04034
546,1.25161,0.013724,0.040882
546,1.23617,0.0114913,0.040425
546,1.12125,0.0137011,0.040438
546,1.13476,0.0154603,0.040234
546,1.12131,0.0108715,0.040825
546,1.2225,0.0185842,0.040348
547,1.29497,0.0182905,0.041012
547,1.21122,0.0115611,0.040945
547,1.15378,0.0106701,0.040306
547,1.19076,0.00995157,0.040671
547,1.22122,0.0112489,0.040716
547,1.19409,0.0114545,0.040636
547,1.16322,0.0134257,0.040931
547,1.18526,0.0132661,0.041727
547,1.21033,0.0137798,0.040461
547,1.21458,0.0115568,0.040714
547,1.21417,0.010963,0.04082
547,1.21121,0.00968959,0.041234
547,1.18119,0.00931735,0.041382
547,1.221,0.0129945,0.041257
547,1.1855,0.0125365,0.04075
547,1.1442,0.0125967,0.040579
547,1.10643,0.0173935,0.04073
547,1.25765,0.0116071,0.041224
547,1.27668,0.0121335,0.040739
547,1.26489,0.0160703,0.040803
548,1.23064,0.0121661,0.040936
548,1.16728,0.0111894,0.041273
548,1.15767,0.00968411,0.040822
548,1.09563,0.0163526,0.041234
548,1.19332,0.0148313,0.040508
548,1.28523,0.0102783,0.041108
548,1.19315,0.0134153,0.041162
548,1.23723,0.00977962,0.040838
548,1.26771,0.0152552,0.041193
548,1.21837,0.0130931,0.041444
548,1.27794,0.0107324,0.0415
548,1.15163,0.0107644,0.041168
548,1.21729,0.0104152,0.04126
548,1.11479,0.0131379,0.041012
548,1.28633,0.0152704,0.041724
548,1.21045,0.0134088,0.041125
548,1.25223,0.0110955,0.041392
548,1.16815,0.0100292,0.041375
548,1.21674,0.00957787,0.041047
548,1.16004,0.0139098,0.041491
549,1.32576,0.0156502,0.042404
549,1.11858,0.0121354,0.042295
549,1.29818,0.0119111,0.041186
549,1.13972,0.0094346,0.041688
549,1.15692,0.0141843,0.041187
549,1.23093,0.0115046,0.041448
549,1.16365,0.00899591,0.041274
549,1.18542,0.0143515,0.041464
549,1.19905,0.0114483,0.041758
549,1.27535,0.0119792,0.041829
549,1.19371,0.0112861,0.041732
549,1.13836,0.017386,0.041671
549,1.23676,0.0136962,0.041758
549,1.20991,0.011969,0.042167
549,1.14635,0.0110253,0.042107
549,1.25681,0.0127482,0.041091
549,1.20599,0.0146055,0.041556
549,1.13744,0.0115745,0.041582
549,1.10909,0.0125944,0.041491
549,1.13585,0.0129108,0.04127
550,1.26885,0.0110506,0.041875
550,1.16263,0.0127261,0.042074
550,1.25716,0.013589,0.042048
550,1.25835,0.0136416,0.041551
550,1.13202,0.0132796,0.041829
550,1.16586,0.0125543,0.041793
550,1.1647,0.0118365,0.041184
550,1.2097,0.0121413,0.041744
550,1.17094,0.00970314,0.041691
550,1.12367,0.010258,0.041934
550,1.22185,0.0120525,0.041588
550,1.23457,0.0106008,0.041356
550,1.14602,0.0130345,0.041729
550,1.25255,0.00975095,0.041531
550,1.20789,0.014216,0.041558
550,1.09988,0.0113964,0.041723
550,1.23854,0.0131992,0.041716
550,1.21938,0.0136586,0.041785
550,1.20566,0.00940231,0.042164
550,1.2063,0.0100809,0.042146
551,1.17846,0.0102008,0.042184
551,1.21608,0.011335,0.042651
551,1.239,0.0169126,0.042715
551,1.22853,0.0113592,0.042017
551,1.13032,0.0115735,0.041672
551,1.27163,0.0126811,0.041693
551,1.17929,0.0142521,0.041759
551,1.22056,0.012992,0.041774
551,1.28639,0.0136761,0.041766
551,1.03291,0.00998723,0.042599
551,1.18827,0.0102766,0.042275
551,1.19047,0.0131446,0.041941
551,1.19511,0.0113584,0.041817
551,1.22486,0.0135365,0.04135
551,1.14184,0.0122945,0.041833
551,1.28554,0.0146858,0.041623
551,1.17619,0.00957811,0.041541
551,1.28827,0.00981064,0.041325
551,1.19137,0.0101239,0.041308
551,1.22926,0.0119656,0.042289
552,1.23566,0.0159505,0.042866
552,1.20259,0.010167,0.043048
552,1.15107,0.012888,0.04234
552,1.28462,0.0198289,0.042017
552,1.12972,0.0112758,0.041884
552,1.24472,0.0141153,0.042012
552,1.19636,0.0159673,0.041764
552,1.18917,0.0154238,0.041869
552,1.18287,0.0168775,0.041563
552,1.21961,0.0106314,0.041364
552,1.24261,0.014,0.04126
552,1.25793,0.0106564,0.041613
552,1.16156,0.0135704,0.041598
552,1.15628,0.0176104,0.041684
552,1.20283,0.014092,0.041626
552,1.15691,0.0127792,0.041536
552,1.20838,0.0147639,0.041592
552,1.13396,0.0114565,0.04231
552,1.24345,0.0138391,0.04148
552,1.27801,0.0154236,0.041787
553,1.26147,0.0130314,0.042234
553,1.10981,0.0154548,0.042409
553,1.20897,0.014086,0.042782
553,1.21236,0.0141301,0.042334
553,1.1968,0.0103932,0.041655
553,1.22183,0.0145972,0.042043
553,1.15908,0.0109695,0.042287
553,1.19312,0.00776178,0.041966
553,1.14633,0.0125213,0.041359
553,1.14833,0.0141141,0.042021
553,1.25416,0.0125591,0.041688
553,1.20707,0.00909212,0.041801
553,1.1583,0.0107793,0.041896
553,1.19577,0.0150847,0.041683
553,1.21682,0.0101833,0.041787
553,1.16361,0.0120183,0.041982
553,1.21367,0.0130922,0.04336
553,1.24391,0.00982657,0.043451
553,1.22972,0.0136575,0.04296
553,1.28645,0.0141783,0.042113
554,1.1219,0.0120553,0.042277
554,1.17432,0.0106892,0.042586
554,1.15939,0.012864,0.042315
554,1.17508,0.0120646,0.041899
554,1.18803,0.0123891,0.042122
554,1.27049,0.0134846,0.04182
554,1.25372,0.0128097,0.042282
554,1.22043,0.01228,0.042255
554,1.09097,0.013939,0.042102
554,1.24532,0.0117718,0.042002
554,1.24775,0.0152649,0.04216
554,1.25078,0.0109613,0.041715
554,1.35678,0.0121191,0.042582
554,1.18715,0.0118175,0.041779
554,1.25618,0.010344,0.042218
554,1.15801,0.0122808,0.042043
554,1.17971,0.0114898,0.041701
554,1.23635,0.00999142,0.042249
554,1.20379,0.0128657,0.042009
554,1.12487,0.0102772,0.04221
555,1.28146,0.0109195,0.042795
555,1.09629,0.0121248,0.042349
555,1.21108,0.00967818,0.042035
555,1.25869,0.0157128,0.042308
555,1.15536,0.0139018,0.041803
555,1.17932,0.012653,0.042761
555,1.26002,0.0111122,0.042272
555,1.17919,0.0116914,0.042703
555,1.27268,0.0123407,0.042792
555,1.10829,0.0158266,0.041934
555,1.24907,0.0116045,0.042439
555,1.22357,0.012296,0.041854
555,1.19412,0.0103,0.042269
555,1.26468,0.0140118,0.042407
555,1.23668,0.0128413,0.042109
555,1.13136,0.0141584,0.042162
555,1.21757,0.00917903,0.042224
555,1.22881,0.00833665,0.042163
555,1.19161,0.0108744,0.042206
555,1.22355,0.0127881,0.042102
556,1.09698,0.0126697,0.042735
556,1.24998,0.015935,0.042479
556,1.26828,0.0114455,0.042549
556,1.11704,0.0105226,0.042203
556,1.18361,0.011538,0.04209
556,1.1612,0.0106543,0.042158
556,1.12613,0.0102972,0.042222
556,1.2421,0.0129551,0.042448
556,1.09774,0.00962244,0.041915
556,1.1621,0.0163822,0.042055
556,1.15403,0.0118251,0.042148
556,1.16342,0.0116094,0.042081
556,1.14877,0.0122415,0.041981
556,1.08944,0.0106817,0.042261
556,1.10983,0.00933657,0.042195
556,1.2348,0.0130444,0.042663
556,1.21482,0.0144728,0.042266
556,1.16969,0.00982119,0.042342
556,1.13847,0.00992808,0.041922
556,1.17443,0.0124046,0.041981
557,1.18735,0.0127667,0.042876
557,1.21359,0.00979625,0.04284
557,1.19209,0.00896965,0.04303
557,1.24969,0.0164167,0.042597
557,1.19838,0.0105806,0.04237
557,1.2713,0.0154987,0.042804
557,1.29381,0.0106641,0.042996
557,1.12445,0.0104152,0.042432
557,1.14122,0.0109924,0.042327
557,1.21595,0.00967635,0.042846
557,1.2039,0.0145336,0.042792
557,1.19649,0.0120302,0.043369
557,1.13681,0.015456,0.043588
557,1.21247,0.0120837,0.04292
557,1.226,0.0110328,0.042752
557,1.17453,0.0117639,0.042808
557,1.28831,0.0133986,0.042808
557,1.23522,0.0111525,0.04252
557,1.14144,0.0103545,0.042653
557,1.1429,0.010588,0.042758
558,1.26094,0.0125395,0.043426
558,1.293,0.0116882,0.043286
558,1.16466,0.00938667,0.043513
558,1.23578,0.0106276,0.043717
558,1.19354,0.0111178,0.044051
558,1.2467,0.0115587,0.043781
558,1.17767,0.0125684,0.044012
558,1.10044,0.0131268,0.042795
558,1.20262,0.0114676,0.042775
558,1.22227,0.011021,0.042748
558,1.21393,0.0100721,0.043031
558,1.11418,0.0121201,0.043049
558,1.31564,0.0145062,0.043418
558,1.24133,0.01111,0.043243
558,1.20794,0.0118476,0.044508
558,1.21255,0.0137176,0.043082
558,1.15893,0.00865312,0.04329
558,1.27985,0.0120684,0.043058
558,1.18208,0.0119724,0.043373
558,1.16845,0.012267,0.043168
559,1.3169,0.011191,0.043796
559,1.13529,0.0109359,0.044155
559,1.15019,0.0119566,0.044167
559,1.26179,0.0126885,0.042826
559,1.24035,0.00955225,0.043027
559,1.19123,0.0113325,0.042828
559,1.25115,0.0120266,0.043295
559,1.23021,0.0112178,0.042974
559,1.16283,0.0108568,0.04301
559,1.26914,0.013019,0.042983
559,1.18376,0.0116406,0.042607
559,1.19957,0.0131075,0.043008
559,1.14561,0.0114366,0.044202
559,1.15143,0.0133202,0.04246
559,1.24226,0.0124069,0.042744
559,1.27203,0.0140868,0.042588
559,1.25277,0.0113493,0.043341
559,1.25774,0.0160621,0.042852
559,1.31573,0.0105643,0.042838
559,1.09077,0.0108147,0.042704
560,1.17355,0.0153894,0.043396
560,1.12577,0.00923513,0.043627
560,1.19755,0.0110092,0.042936
560,1.23665,0.012016,0.043114
560,1.27068,0.012768,0.04373
560,1.19613,0.0134169,0.042664
560,1.08763,0.0127229,0.04296
560,1.04994,0.0105987,0.042656
560,1.20906,0.0223252,0.042706
560,1.22556,0.0114855,0.042879
560,1.18573,0.0114422,0.042729
560,1.26504,0.0101468,0.042952
560,1.17801,0.0123131,0.042682
560,1.19695,0.0103225,0.043018
560,1.13781,0.0128037,0.042941
560,1.23158,0.0110267,0.042814
560,1.21482,0.0101895,0.043045
560,1.15001,0.0136441,0.042747
560,1.09744,0.0102509,0.042938
560,1.16671,0.0117224,0.042852
561,1.15461,0.0132803,0.043854
561,1.24353,0.0147844,0.043308
561,1.19108,0.012646,0.043466
561,1.28399,0.0137483,0.043406
561,1.2187,0.0122771,0.042561
561,1.20434,0.00863136,0.043091
561,1.17859,0.0123558,0.042923
561,1.14695,0.00814446,0.043175
561,1.23567,0.0109091,0.043282
561,1.15336,0.0111822,0.043142
561,1.13612,0.019654,0.042618
561,1.12434,0.00908663,0.042991
561,1.18867,0.00961303,0.042875
561,1.10715,0.0117149,0.042939
561,1.16303,0.0139699,0.043321
561,1.23369,0.0167364,0.042661
561,1.16786,0.0138431,0.042884
561,1.19817,0.0102918,0.042878
561,1.21737,0.012558,0.042781
561,1.19049,0.0119908,0.043366
562,1.20574,0.0110584,0.044063
562,1.20046,0.0188717,0.046663
562,1.13648,0.0102375,0.046171
562,1.16657,0.0106719,0.044192
562,1.33193,0.0180775,0.043428
562,1.18563,0.0139616,0.043546
562,1.21359,0.0155265,0.043471
562,1.19618,0.0117754,0.043447
562,1.1923,0.0124249,0.043647
562,1.22878,0.0102249,0.043182
562,1.21822,0.0117852,0.043358
562,1.19913,0.0121565,0.043367
562,1.20278,0.0119082,0.043091
562,1.16267,0.0106211,0.042991
562,1.19071,0.0115313,0.043288
562,1.20026,0.0108802,0.043277
562,1.27438,0.00974432,0.043627
562,1.16661,0.0106654,0.043329
562,1.3149,0.0102118,0.042996
562,1.20219,0.0137102,0.043012
563,1.08452,0.0118338,0.043358
563,1.2121,0.0122392,0.043877
563,1.2241,0.0130516,0.043466
563,1.20805,0.0111195,0.043646
563,1.30727,0.0139103,0.043068
563,1.23754,0.0127894,0.0433
563,1.11746,0.0101904,0.043261
563,1.17358,0.0186511,0.043109
563,1.26284,0.0162112,0.043031
563,1.24206,0.0105618,0.044306
563,1.1418,0.0107787,0.043518
563,1.24201,0.0127392,0.043074
563,1.29328,0.0100385,0.04396
563,1.1897,0.0129016,0.043391
563,1.11219,0.0119154,0.044234
563,1.25686,0.0134341,0.043307
563,1.26921,0.0116422,0.04304
563,1.26094,0.00966192,0.043191
563,1.32611,0.0131984,0.043132
563,1.25249,0.0111314,0.043174
564,1.21969,0.0110994,0.044174
564,1.19515,0.0115215,0.043979
564,1.16968,0.0103993,0.043698
564,1.18569,0.010294,0.04358
564,1.21536,0.0103858,0.044026
564,1.26417,0.0110272,0.043863
564,1.28194,0.0149211,0.043464
564,1.15301,0.0116289,0.043344
564,1.14855,0.0101752,0.043554
564,1.17473,0.0113042,0.043292
564,1.17945,0.0110051,0.043989
564,1.17291,0.0110761,0.043621
564,1.18937,0.0107656,0.043766
564,1.22003,0.0115605,0.044062
564,1.27503,0.01301,0.043342
564,1.26214,0.0120977,0.043513
564,1.06129,0.0138811,0.043405
564,1.31604,0.0109597,0.043702
564,1.22862,0.0139579,0.043757
564,1.23801,0.0126082,0.043884
565,1.22904,0.0127793,0.044487
565,1.18519,0.00919967,0.044309
565,1.20257,0.0130357,0.043842
565,1.16908,0.0105158,0.044242
565,1.31085,0.018368,0.043985
565,1.15283,0.0113815,0.043647
565,1.28299,0.0128882,0.043757
565,1.24937,0.00877154,0.043475
565,1.13328,0.0100217,0.044321
565,1.18663,0.0128359,0.043923
565,1.12255,0.0116135,0.043608
565,1.24734,0.0170621,0.043911
565,1.12183,0.00872856,0.04354
565,1.17608,0.0118085,0.044
565,1.20856,0.0117014,0.043807
565,1.21033,0.0110558,0.043665
565,1.18031,0.0115763,0.044084
565,1.12769,0.0111711,0.043665
565,1.15355,0.0135426,0.043439
565,1.27682,0.00961197,0.04393
566,1.24936,0.0110781,0.044967
566,1.11013,0.0141045,0.044665
566,1.09517,0.0104852,0.043826
566,1.24603,0.011469,0.043745
566,1.21058,0.0115017,0.043645
566,1.26481,0.0133852,0.044118
566,1.16931,0.0159855,0.044186
566,1.1887,0.0115799,0.043947
566,1.29252,0.0147892,0.043652
566,1.23223,0.0178861,0.043852
566,1.23563,0.0120744,0.043745
566,1.10547,0.0107741,0.043597
566,1.19331,0.010504,0.044036
566,1.19017,0.00940601,0.044418
566,1.15705,0.0169793,0.043881
566,1.19989,0.0102525,0.04373
566,1.30526,0.0102927,0.043953
566,1.18043,0.010729,0.043549
566,1.13774,0.0101131,0.043751
566,1.17573,0.0144378,0.044227
567,1.22703,0.00864645,0.04516
567,1.25299,0.0103645,0.045037
567,1.17515,0.0109437,0.044206
567,1.2377,0.0141273,0.044127
567,1.09924,0.00924455,0.044095
567,1.20963,0.0158854,0.043927
567,1.13848,0.0159443,0.044062
567,1.20385,0.0123852,0.043852
567,1.12656,0.0149725,0.044546
567,1.16718,0.0116886,0.043754
567,1.16789,0.0134402,0.044163
567,1.18119,0.011699,0.044032
567,1.20984,0.0111801,0.044922
567,1.20238,0.0133972,0.043695
567,1.19826,0.00984882,0.043869
567,1.05211,0.0100028,0.043779
567,1.13123,0.0144249,0.043946
567,1.27188,0.0130129,0.043977
567,1.22889,0.0117558,0.043697
567,1.18471,0.0113377,0.043885
568,1.16545,0.0134573,0.044829
568,1.21531,0.0164375,0.044936
568,1.20587,0.0104663,0.044705
568,1.22628,0.0125548,0.044392
568,1.21079,0.0156862,0.04455
568,1.23485,0.0109526,0.044651
568,1.22344,0.012555,0.044186
568,1.13455,0.011295,0.044556
568,1.1924,0.012636,0.044518
568,1.17609,0.0158522,0.044182
568,1.19768,0.00959755,0.044298
568,1.27799,0.0131535,0.044284
568,1.25552,0.00948044,0.044232
568,1.21171,0.0113717,0.044503
568,1.22854,0.00914896,0.044082
568,1.25723,0.0109633,0.044314
568,1.24221,0.01571,0.044143
568,1.16618,0.0124023,0.044156
568,1.17564,0.0100253,0.044209
568,1.16518,0.0120365,0.043924
569,1.12301,0.00931914,0.045542
569,1.1643,0.0148171,0.044875
569,1.27819,0.0132663,0.045115
569,1.20969,0.00921782,0.044277
569,1.30756,0.00885192,0.044202
569,1.20113,0.0125787,0.044404
569,1.17781,0.00931022,0.044395
569,1.26634,0.0105282,0.044877
569,1.22706,0.0147757,0.044967
569,1.24387,0.0173585,0.044719
569,1.17973,0.0130163,0.044461
569,1.20402,0.0178748,0.044347
569,1.21211,0.0105648,0.044778
569,1.25907,0.0132843,0.044293
569,1.20752,0.0162844,0.044225
569,1.24266,0.014122,0.04426
569,1.14248,0.0111215,0.044395
569,1.25015,0.0122687,0.044595
569,1.18477,0.0122528,0.044105
569,1.15484,0.0130348,0.044528
570,1.17338,0.0161807,0.0453
570,1.21846,0.0114903,0.045365
570,1.11652,0.0099261,0.044701
570,1.22426,0.0130529,0.044491
570,1.15019,0.009747,0.04469
570,1.1652,0.0109569,0.044603
570,1.19131,0.0139212,0.044589
570,1.18965,0.0114357,0.044332
570,1.15275,0.012027,0.044719
570,1.25259,0.0136907,0.045031
570,1.28939,0.0127705,0.045042
570,1.16296,0.0172626,0.044905
570,1.22584,0.00923004,0.044632
570,1.18134,0.0124787,0.046468
570,1.1477,0.0116173,0.045529
570,1.27243,0.0167103,0.045335
570,1.1175,0.0118733,0.04576
570,1.26998,0.0124405,0.044698
570,1.21801,0.010935,0.044818
570,1.18526,0.0110432,0.044647
571,1.12119,0.0123614,0.045721
571,1.30064,0.0141362,0.046075
571,1.13294,0.00921545,0.045226
571,1.23313,0.0126942,0.044563
571,1.1953,0.0126015,0.045956
571,1.18979,0.0106169,0.045513
571,1.21502,0.0110818,0.045507
571,1.14565,0.0115361,0.04498
571,1.20521,0.00978528,0.045564
571,1.16229,0.0140151,0.045127
571,1.1237,0.0138018,0.045
571,1.19606,0.0121882,0.044844
571,1.17401,0.0108799,0.044661
571,1.15726,0.00928524,0.044751
571,1.31677,0.0117053,0.04486
571,1.1794,0.00976413,0.044947
571,1.22949,0.009989,0.045148
571,1.15267,0.0148794,0.044929
571,1.14716,0.00951165,0.04495
571,1.16944,0.0111652,0.04536
572,1.35186,0.0132032,0.04761
572,1.14811,0.0140693,0.047594
572,1.19262,0.0118346,0.045918
572,1.21066,0.00894047,0.045757
572,1.19378,0.0117876,0.045815
572,1.16519,0.0122623,0.046049
572,1.19494,0.0115427,0.045626
572,1.25899,0.0137031,0.045621
572,1.19613,0.0128261,0.045395
572,1.14397,0.0118913,0.045539
572,1.13278,0.0090343,0.045236
572,1.24329,0.0122251,0.045223
572,1.25031,0.0139626,0.046327
572,1.08747,0.00916255,0.045161
572,1.13034,0.011478,0.045073
572,1.1915,0.0112057,0.044951
572,1.1234,0.00832231,0.045114
572,1.17629,0.0115973,0.044918
572,1.2671,0.0120392,0.045074
572,1.19561,0.0124792,0.046008
573,1.08823,0.0130607,0.045985
573,1.11701,0.00892923,0.046246
573,1.13345,0.00921486,0.045862
573,1.24877,0.0137835,0.046103
573,1.28336,0.0128402,0.046108
573,1.23633,0.0129189,0.045528
573,1.22324,0.00957955,0.045934
573,1.12597,0.0109467,0.04605
573,1.21491,0.0088831,0.046009
573,1.25702,0.0103989,0.046194
573,1.12452,0.0102341,0.045525
573,1.16264,0.0137908,0.045682
573,1.21611,0.0107569,0.04518
573,1.22943,0.014743,0.045412
573,1.21065,0.0107631,0.045233
573,1.20748,0.0101894,0.045553
573,1.16664,0.0113134,0.045608
573,1.26627,0.013403,0.045241
573,1.22569,0.0130622,0.045443
573,1.10557,0.0100012,0.045471
574,1.22943,0.0122007,0.046242
574,1.1258,0.0136097,0.04551
574,1.26888,0.0110951,0.046245
574,1.23206,0.0118085,0.045812
574,1.13382,0.0128522,0.04622
574,1.18415,0.0107723,0.04608
574,1.15533,0.0128786,0.045895
574,1.06126,0.01025,0.04622
574,1.20479,0.0134396,0.045903
574,1.16788,0.00883595,0.046194
574,1.2094,0.0147878,0.046285
574,1.16586,0.011361,0.046865
574,1.17382,0.00987619,0.046214
574,1.23251,0.0154157,0.046556
574,1.096,0.0126726,0.046338
574,1.17091,0.0107487,0.045615
574,1.21214,0.0171726,0.0461
574,1.14385,0.0122695,0.045595
574,1.19423,0.00985957,0.045876
574,1.21173,0.010412,0.045605
575,1.31,0.0108478,0.046971
575,1.2258,0.0147592,0.047368
575,1.15434,0.00937387,0.046923
575,1.12896,0.0116395,0.046936
575,1.19736,0.00938644,0.046616
575,1.33189,0.013776,0.046924
575,1.20899,0.0126908,0.046313
575,1.22966,0.0129657,0.045736
575,1.22024,0.0113089,0.046117
575,1.2254,0.010246,0.045674
575,1.34538,0.0105938,0.045911
575,1.14839,0.0139785,0.046355
575,1.18792,0.0105235,0.046025
575,1.16444,0.0111179,0.046602
575,1.12314,0.0103772,0.046925
575,1.24863,0.0095416,0.04684
575,1.12763,0.0106955,0.046381
575,1.2079,0.0120194,0.04633
575,1.26836,0.0133953,0.046739
575,1.30592,0.0103592,0.046127
576,1.3054,0.013255,0.047271
576,1.21546,0.0121431,0.046565
576,1.2178,0.0126573,0.046787
576,1.3248,0.0105013,0.046853
576,1.18366,0.0101173,0.046074
576,1.16957,0.00901202,0.045734
576,1.17711,0.00912665,0.045909
576,1.17368,0.0164924,0.046153
576,1.22095,0.0155061,0.045976
576,1.16394,0.0175131,0.046439
576,1.2178,0.0104853,0.046503
576,1.21686,0.0130008,0.046202
576,1.28685,0.0101317,0.047588
576,1.12999,0.00936168,0.046727
576,1.11588,0.0112646,0.047586
576,1.23159,0.0114176,0.047442
576,1.16786,0.0105429,0.046426
576,1.28958,0.014002,0.046761
576,1.15666,0.013663,0.045844
576,1.18747,0.0156359,0.045685
577,1.0907,0.00900442,0.046904
577,1.13135,0.0135618,0.047342
577,1.26494,0.011574,0.046253
577,1.22111,0.0137115,0.046144
577,1.24299,0.010262,0.046352
577,1.12874,0.0106396,0.046827
577,1.2046,0.0104972,0.046506
577,1.17283,0.00884758,0.046674
577,1.24969,0.00993071,0.046198
577,1.22036,0.0107663,0.046381
577,1.18885,0.0114448,0.046332
577,1.15793,0.00990584,0.046365
577,1.17115,0.01032,0.046708
577,1.1421,0.0123842,0.046848
577,1.19892,0.013363,0.046911
577,1.17974,0.00942958,0.046315
577,1.21347,0.0132895,0.046168
577,1.24695,0.00983387,0.046337
577,1.33505,0.0141849,0.04632
577,1.18151,0.0146699,0.046295
578,1.0893,0.0110989,0.047204
578,1.22512,0.0120119,0.047124
578,1.21993,0.012195,0.046681
578,1.23161,0.0234785,0.046743
578,1.12542,0.0101655,0.046502
578,1.18424,0.015342,0.046711
578,1.17495,0.00933834,0.046216
578,1.20452,0.013598,0.046637
578,1.09804,0.0119786,0.046997
578,1.17774,0.0093356,0.046842
578,1.23992,0.016835,0.047137
578,1.11023,0.00921216,0.04671
578,1.23131,0.0154147,0.04772
578,1.16701,0.0126527,0.04736
578,1.2567,0.0111335,0.047547
578,1.22991,0.0104941,0.047234
578,1.15708,0.0103913,0.047589
578,1.24449,0.0146689,0.04739
578,1.24719,0.0107575,0.047253
578,1.21536,0.0121709,0.047094
579,1.22264,0.0115364,0.047755
579,1.16722,0.00879792,0.048459
579,1.2073,0.0107045,0.048237
579,1.26862,0.00976139,0.047878
579,1.14889,0.014286,0.047762
579,1.29505,0.0120333,0.047918
579,1.22107,0.0109311,0.04802
579,1.16131,0.0127808,0.04731
579,1.18047,0.0153921,0.047964
579,1.18724,0.0137759,0.047217
579,1.25411,0.012924,0.047286
579,1.1701,0.0108214,0.047371
579,1.19871,0.0106114,0.047794
579,1.20422,0.0115156,0.047596
579,1.19261,0.0117834,0.047633
579,1.18968,0.0139416,0.047192
579,1.19698,0.0149398,0.047479
579,1.26509,0.0123918,0.047684
579,1.2091,0.017479,0.047542
579,1.24625,0.008638,0.046923
580,1.1894,0.0105291,0.047847
580,1.12156,0.0100636,0.047358
580,1.12531,0.0136536,0.047282
580,1.18805,0.0132877,0.047389
580,1.21786,0.0103501,0.047575
580,1.16351,0.0104118,0.047646
580,1.24975,0.0124854,0.047254
580,1.24685,0.014749,0.048197
580,1.14425,0.0103402,0.048393
580,1.2622,0.0119885,0.04888
580,1.19079,0.0136578,0.048077
580,1.24827,0.0141034,0.047719
580,1.13394,0.0117183,0.047932
580,1.20804,0.010973,0.047781
580,1.17097,0.00961504,0.047671
580,1.18118,0.0106882,0.047394
580,1.25862,0.0140633,0.047991
580,1.25629,0.0118817,0.047676
580,1.15656,0.012173,0.048381
580,1.25449,0.00989371,0.053621
581,1.13658,0.0115648,0.044751
581,1.23152,0.0125232,0.044623
581,1.26133,0.0132056,0.044809
581,1.19516,0.0119481,0.04475
581,1.15536,0.013286,0.044813
581,1.19258,0.00882585,0.045283
581,1.19872,0.0126294,0.044861
581,1.11273,0.0121837,0.045081
581,1.18011,0.0145645,0.04503
581,1.2252,0.0109013,0.045255
581,1.20067,0.0150912,0.045152
581,1.15619,0.0119818,0.045147
581,1.31377,0.0102778,0.045506
581,1.25965,0.0132387,0.045333
581,1.2193,0.0143297,0.045305
581,1.18067,0.0161273,0.045723
581,1.20522,0.00907159,0.045406
581,1.24958,0.0152726,0.045121
581,1.22412,0.0135955,0.045362
581,1.23945,0.0128315,0.045168
582,1.23885,0.0127387,0.046033
582,1.28332,0.0137493,0.045592
582,1.1932,0.0103025,0.045015
582,1.22917,0.0137374,0.045324
582,1.19627,0.012831,0.04472
582,1.22699,0.00923292,0.045826
582,1.22222,0.0113047,0.04509
582,1.18136,0.00981996,0.04579
582,1.12744,0.0105656,0.045323
582,1.14493,0.0150982,0.045634
582,1.15198,0.0147458,0.045523
582,1.16976,0.0110765,0.045839
582,1.24365,0.0122041,0.045645
582,1.20866,0.0102766,0.045144
582,1.2268,0.0102969,0.045261
582,1.20028,0.013551,0.045356
582,1.17268,0.0126993,0.045402
582,1.14542,0.0114865,0.04538
582,1.20143,0.0138217,0.045321
582,1.08206,0.00950334,0.045325
583,1.19962,0.0111106,0.046033
583,1.18555,0.0117492,0.045817
583,1.17866,0.0151746,0.04529
583,1.16285,0.0150139,0.045399
583,1.15509,0.0146388,0.045675
583,1.19071,0.0112033,0.045505
583,1.21585,0.0109131,0.045726
583,1.13384,0.0212923,0.045262
583,1.15733,0.0112049,0.045147
583,1.19472,0.0166158,0.044972
583,1.30041,0.014075,0.045207
583,1.27276,0.0130304,0.045417
583,1.25386,0.0162977,0.045804
583,1.211,0.0117769,0.045552
583,1.22876,0.0108956,0.045586
583,1.09143,0.0135489,0.045784
583,1.19007,0.012744,0.045691
583,1.14921,0.0172894,0.045433
583,1.22616,0.00981644,0.045477
583,1.24138,0.0148222,0.045429
584,1.26728,0.0120988,0.046722
584,1.0882,0.012493,0.045891
584,1.24015,0.0102256,0.04603
584,1.23911,0.00986469,0.045919
584,1.25321,0.0102893,0.046362
584,1.12896,0.011748,0.046043
584,1.14248,0.0122843,0.045848
584,1.16716,0.0157607,0.045653
584,1.27774,0.0203019,0.045915
584,1.19487,0.0164222,0.04584
584,1.20196,0.0143388,0.046011
584,1.17656,0.0146735,0.046369
584,1.15841,0.0101566,0.046369
584,1.20761,0.0105966,0.045602
584,1.24895,0.0114035,0.045487
584,1.20581,0.0142165,0.045481
584,1.19191,0.0118224,0.045178
584,1.23365,0.0151311,0.046119
584,1.06412,0.0105914,0.045218
584,1.25063,0.0100702,0.045523
585,1.28044,0.0108572,0.046905
585,1.21322,0.00977734,0.046019
585,1.21889,0.00988585,0.045843
585,1.19914,0.0104663,0.046358
585,1.20449,0.0114911,0.046037
585,1.22244,0.0123882,0.046801
585,1.27575,0.0125744,0.046952
585,1.23469,0.0166694,0.046995
585,1.21511,0.0164338,0.057375
585,1.26041,0.0131085,0.049054
585,1.17511,0.0140439,0.049783
585,1.21354,0.015845,0.048918
585,1.18296,0.0110003,0.048927
585,1.17329,0.0101124,0.048945
585,1.16581,0.0086533,0.04913
585,1.16131,0.01039,0.048235
585,1.16019,0.0115352,0.048414
585,1.17096,0.00924529,0.048802
585,1.21746,0.0103379,0.048039
585,1.21385,0.0111582,0.048384
586,1.16958,0.0100003,0.04978
586,1.20294,0.0180444,0.05038
586,1.22811,0.00947738,0.049588
586,1.17559,0.0100532,0.052534
586,1.16279,0.0142997,0.045755
586,1.07469,0.00889623,0.047067
586,1.23849,0.0110939,0.045866
586,1.19043,0.0129738,0.046043
586,1.2357,0.0126589,0.046036
586,1.11847,0.0101867,0.045707
586,1.28653,0.0126472,0.045889
586,1.14818,0.0120808,0.045851
586,1.20777,0.0114491,0.04609
586,1.14123,0.0122257,0.049643
586,1.12485,0.0107386,0.047449
586,1.28117,0.0141678,0.046649
586,1.13696,0.00909389,0.046722
586,1.15408,0.0109612,0.047277
586,1.23519,0.0128705,0.046728
586,1.20918,0.0108507,0.046939
587,1.13873,0.00969814,0.046616
587,1.2486,0.0132367,0.047018
587,1.29046,0.01207,0.047279
587,1.19091,0.0144527,0.046292
587,1.15485,0.0107988,0.046169
587,1.21978,0.0138361,0.046474
587,1.19913,0.0091602,0.046473
587,1.16766,0.0109614,0.046333
587,1.17418,0.00962802,0.046151
587,1.2032,0.0112814,0.046255
587,1.21252,0.0127936,0.046316
587,1.3014,0.0112828,0.046945
587,1.12081,0.0157857,0.047748
587,1.26748,0.00990151,0.047085
587,1.15958,0.0103789,0.047454
587,1.20334,0.0127991,0.047742
587,1.27231,0.0123038,0.047674
587,1.19003,0.00948391,0.046342
587,1.17303,0.0126135,0.046156
587,1.19552,0.0135635,0.046396
588,1.12585,0.00913062,0.046591
588,1.19001,0.0112,0.048591
588,1.21722,0.0182796,0.046701
588,1.27195,0.0146304,0.047072
588,1.21043,0.0127205,0.046448
588,1.28714,0.0114611,0.047193
588,1.12122,0.0115481,0.047207
588,1.15417,0.0142116,0.047252
588,1.2208,0.0173864,0.047216
588,1.21693,0.0153543,0.047864
588,1.25807,0.0107694,0.047599
588,1.22303,0.013941,0.046812
588,1.0841,0.0100323,0.046918
588,1.21762,0.0115872,0.046492
588,1.29401,0.011446,0.046195
588,1.20839,0.0104741,0.046455
588,1.1872,0.0129416,0.046683
588,1.13657,0.00967721,0.046494
588,1.21749,0.0123901,0.408141
588,1.23508,0.0107967,0.474287
589,1.17764,0.00956883,0.468784
589,1.12472,0.00959161,0.48028
589,1.23069,0.01098,0.47758
589,1.12757,0.0168912,0.464033
589,1.18356,0.0106274,0.46452
589,1.12964,0.0102145,0.465513
589,1.15384,0.0095475,0.465673
589,1.19298,0.0112762,0.472969
589,1.23418,0.00870017,0.373202
589,1.27212,0.0112811,0.046127
589,1.22552,0.01031,0.046882
589,1.2892,0.0120268,0.045757
589,1.11573,0.0112693,0.045468
589,1.20785,0.0139455,0.045898
589,1.18091,0.0152446,0.045911
589,1.16921,0.00899348,0.045674
589,1.18088,0.0134407,0.045777
589,1.17557,0.0115824,0.046371
589,1.17405,0.0186456,0.04553
589,1.1606,0.0110889,0.046147
590,1.23183,0.01113,0.046141
590,1.20303,0.0110758,0.046558
590,1.24715,0.0135284,0.046207
590,1.27227,0.0148867,0.045957
590,1.17071,0.00938831,0.045951
590,1.22,0.0115894,0.045813
590,1.16584,0.00990995,0.045652
590,1.2711,0.0100654,0.046178
590,1.06613,0.00952048,0.046165
590,1.14179,0.01044,0.045704
590,1.17398,0.0140437,0.04614
590,1.0998,0.0116685,0.046293
590,1.1544,0.0113228,0.047006
590,1.29857,0.0152581,0.046834
590,1.19,0.0134079,0.046716
590,1.28911,0.0136039,0.046955
590,1.24842,0.00982989,0.047145
590,1.24186,0.00977755,0.047556
590,1.17632,0.0130455,0.046856
590,1.19087,0.0093289,0.047291
591,1.27178,0.0137171,0.047651
591,1.10007,0.0129448,0.048229
591,1.19196,0.00949556,0.047956
591,1.31655,0.0108801,0.047492
591,1.23238,0.0108819,0.047655
591,1.15306,0.0103368,0.047256
591,1.15173,0.0110012,0.047627
591,1.23041,0.0117211,0.047624
591,1.23454,0.0124326,0.047892
591,1.16697,0.0112652,0.047775
591,1.15771,0.0101834,0.047663
591,1.12062,0.00974063,0.047646
591,1.12522,0.00941863,0.047545
591,1.14257,0.0158845,0.047471
591,1.25696,0.0152604,0.047994
591,1.25542,0.0116904,0.048195
591,1.19339,0.0115952,0.048119
591,1.15299,0.00957153,0.047892
591,1.22844,0.00903408,0.04783
591,1.15758,0.0127545,0.047632
592,1.12556,0.0133919,0.206635
592,1.08042,0.0144116,0.480537
592,1.16772,0.0127561,0.493586
592,1.28169,0.0121202,0.484571
592,1.23135,0.0130249,0.490266
592,1.28397,0.0153124,0.491375
592,1.18763,0.0104047,0.48701
592,1.16568,0.0144772,0.470234
592,1.13553,0.00945256,0.471122
592,1.18738,0.0112095,0.469138
592,1.23611,0.0124057,0.462159
592,1.24944,0.0114035,0.045084
592,1.13208,0.00971278,0.045196
592,1.23983,0.0114548,0.045833
592,1.09692,0.0138468,0.045677
592,1.24919,0.0101498,0.046079
592,1.25281,0.0147942,0.045969
592,1.21875,0.0154679,0.046122
592,1.18288,0.0106458,0.04598
592,1.22457,0.0112548,0.046093
593,1.16689,0.0111373,0.047002
593,1.17062,0.00984427,0.046468
593,1.1439,0.0128493,0.046165
593,1.14896,0.00854687,0.046026
593,1.18356,0.0100199,0.045996
593,1.17845,0.0141482,0.04625
593,1.21725,0.0108367,0.047136
593,1.45849,0.0136424,0.046125
593,1.21209,0.0147546,0.046452
593,1.15564,0.0127019,0.046693
593,1.22842,0.0102913,0.046686
593,1.20652,0.0103523,0.046228
593,1.12475,0.0189024,0.046177
593,1.22517,0.0165413,0.046811
593,1.20508,0.0137378,0.04639
593,1.21923,0.0135902,0.046409
593,1.24923,0.0106697,0.046316
593,1.16636,0.0109214,0.046816
593,1.19794,0.0141536,0.046716
593,1.2003,0.00759673,0.046971
594,1.23967,0.0113778,0.046403
594,1.13963,0.00925151,0.046957
594,1.23399,0.0119185,0.046551
594,1.21196,0.0105672,0.046602
594,1.13229,0.00912911,0.048168
594,1.21196,0.010565,0.074306
594,1.2082,0.0103106,0.476425
594,1.24794,0.0149215,0.472393
594,1.23145,0.00895309,0.474252
594,1.15342,0.0165936,0.477315
594,1.10327,0.0149121,0.487623
594,1.24423,0.0108501,0.489907
594,1.16885,0.0160537,0.494177
594,1.29626,0.0131275,0.475379
594,1.26774,0.0129914,0.234031
594,1.14305,0.0100197,0.045766
594,1.2324,0.0104044,0.045824
594,1.23307,0.0103931,0.046017
594,1.13055,0.00946,0.046046
594,1.12277,0.0111547,0.046106
595,1.21425,0.011395,0.046593
595,1.228,0.0113033,0.046635
595,1.20334,0.0130614,0.046458
595,1.17431,0.0183809,0.046645
595,1.27851,0.0108833,0.046584
595,1.22136,0.00882497,0.046739
595,1.17768,0.0120826,0.047284
595,1.22667,0.0103431,0.047088
595,1.1803,0.0101301,0.046756
595,1.26674,0.0138627,0.046649
595,1.18887,0.00932029,0.046643
595,1.07642,0.00920354,0.046634
595,1.22654,0.0118981,0.046596
595,1.27216,0.0120472,0.046551
595,1.18584,0.0104616,0.046456
595,1.24902,0.0104477,0.046437
595,1.19926,0.0123838,0.046607
595,1.18929,0.0111571,0.046583
595,1.22593,0.0116465,0.046661
595,1.15464,0.0102009,0.046923
596,1.17204,0.013331,0.047146
596,1.27883,0.0140084,0.046769
596,1.2926,0.0126221,0.047088
596,1.22187,0.00981046,0.047214
596,1.23854,0.0143567,0.04691
596,1.23701,0.0116421,0.046782
596,1.16105,0.0108552,0.047458
596,1.13245,0.0113741,0.046676
596,1.237,0.00966355,0.046977
596,1.22127,0.0172536,0.369643
596,1.09582,0.0104613,0.494991
596,1.21783,0.0106182,0.47869
596,1.23051,0.00894247,0.497531
596,1.07539,0.00939763,0.479665
596,1.21747,0.0113017,0.484907
596,1.1977,0.00960554,0.477622
596,1.20705,0.0111525,0.477597
596,1.12632,0.00869091,0.479449
596,1.12639,0.0118944,0.480618
596,1.26243,0.00976108,0.279278
597,1.24632,0.0108297,0.047174
597,1.1499,0.0104254,0.047728
597,1.13513,0.0123715,0.048101
597,1.18173,0.00837232,0.047391
597,1.10252,0.00938299,0.047952
597,1.21512,0.0188425,0.047736
597,1.26188,0.0126473,0.047968
597,1.22191,0.014182,0.048052
597,1.16541,0.0128612,0.047705
597,1.12766,0.0116394,0.047973
597,1.16835,0.00937999,0.047903
597,1.18265,0.0117535,0.047854
597,1.16674,0.0118309,0.047969
597,1.26702,0.0128903,0.047894
597,1.23442,0.0107567,0.048076
597,1.1974,0.0100427,0.048847
597,1.13152,0.012763,0.047893
597,1.17274,0.0112504,0.047928
597,1.19387,0.0095188,0.047785
597,1.28828,0.0112107,0.047959
598,1.24802,0.00943376,0.065432
598,1.23448,0.0135126,0.048596
598,1.26861,0.0116621,0.04857
598,1.17183,0.0112318,0.048309
598,1.2348,0.0103506,0.048
598,1.23262,0.0091465,0.048104
598,1.21467,0.0128011,0.048674
598,1.22921,0.0124629,0.048385
598,1.31439,0.0131949,0.048125
598,1.25125,0.0137095,0.047851
598,1.16855,0.010285,0.048714
598,1.1705,0.00898688,0.048286
598,1.14629,0.010795,0.048179
598,1.20632,0.00947156,0.492362
598,1.16455,0.00955196,0.480657
598,1.22486,0.0097512,0.481966
598,1.16911,0.0108088,0.482245
598,1.18413,0.0105621,0.480796
598,1.18836,0.0143909,0.480011
598,1.15666,0.00890681,0.479816
599,1.10813,0.0104421,0.485562
599,1.18136,0.00986405,0.484631
599,1.27619,0.0150084,0.487481
599,1.17625,0.00943553,0.132856
599,1.16016,0.011061,0.047864
599,1.16015,0.0107734,0.048216
599,1.1252,0.0110502,0.048281
599,1.20964,0.00938015,0.04913
599,1.21558,0.0116202,0.048688
599,1.15905,0.0125674,0.04867
599,1.26381,0.00947863,0.048848
599,1.19514,0.01442,0.04913
599,1.13939,0.0141725,0.049154
599,1.14035,0.0129266,0.048738
599,1.32737,0.0135707,0.049957
599,1.1464,0.00891435,0.050124
599,1.19876,0.00992706,0.05006
599,1.19438,0.0120006,0.050491
599,1.14734,0.0132714,0.050395
599,1.21368,0.0106669,0.049184
600,1.1807,0.0135271,0.050237
600,1.20875,0.0112669,0.050093
600,1.26472,0.0137499,0.049798
600,1.19497,0.00859384,0.050033
600,1.27769,0.0116844,0.049827
600,1.18668,0.0128883,0.04992
600,1.24302,0.009945,0.049777
600,1.20775,0.0210124,0.049777
600,1.13823,0.0100647,0.049701
600,1.24955,0.0120329,0.049916
600,1.19895,0.0103949,0.050318
600,1.15179,0.00830099,0.04916
600,1.15646,0.0121751,0.04965
600,1.15428,0.0107434,0.049611
600,1.29087,0.0157213,0.049474
600,1.16999,0.0105077,0.049871
600,1.30127,0.0107625,0.050159
600,1.21824,0.0140977,0.05004
600,1.28467,0.00958604,0.050807
600,1.12077,0.0112264,0.049873
601,1.21286,0.0121633,0.050588
601,1.25038,0.0156606,0.051111
601,1.23096,0.0115177,0.050139
601,1.20459,0.0101016,0.05031
601,1.23637,0.0116802,0.051055
601,1.21343,0.0102327,0.051553
601,1.24637,0.00890654,0.050658
601,1.21888,0.0108889,0.050886
601,1.09551,0.00772773,0.051369
601,1.1977,0.0137598,0.05008
601,1.12259,0.00952965,0.050922
601,1.18175,0.0152185,0.051111
601,1.12244,0.0123534,0.05129
601,1.16071,0.00940014,0.050477
601,1.29432,0.0107244,0.050157
601,1.20274,0.00911196,0.050477
601,1.14312,0.011052,0.051534
601,1.20336,0.0132093,0.052287
601,1.1442,0.0115386,0.051573
601,1.21844,0.0115534,0.050624
602,1.11288,0.0119987,0.052571
602,1.19364,0.0150471,0.052084
602,1.2426,0.00857617,0.051486
602,1.17908,0.0116628,0.051191
602,1.19965,0.0113371,0.052606
602,1.18997,0.0113214,0.051662
602,1.13055,0.0103146,0.050468
602,1.24794,0.0124465,0.050823
602,1.20253,0.016533,0.050931
602,1.15015,0.011193,0.051491
602,1.18718,0.0143737,0.051247
602,1.25682,0.0119948,0.050987
602,1.21953,0.0134096,0.051414
602,1.22859,0.00836028,0.051847
602,1.20436,0.0144421,0.052357
602,1.22048,0.0120774,0.052064
602,1.23367,0.0114705,0.053318
602,1.18225,0.0123614,0.053863
602,1.20024,0.0123582,0.053232
602,1.16061,0.0174147,0.055957
603,1.15179,0.00970071,0.056142
603,1.25868,0.0153131,0.053764
603,1.14961,0.00879729,0.053619
603,1.18264,0.00844118,0.277468
603,1.18788,0.0111678,0.489633
603,1.28366,0.0150488,0.489531
603,1.16575,0.0100594,0.497704
603,1.24335,0.0112704,0.49341
603,1.23396,0.0140876,0.4929
603,1.17652,0.0133576,0.487947
603,1.23018,0.0165561,0.487225
603,1.3178,0.0132558,0.487052
603,1.1535,0.00833787,0.489341
603,1.24467,0.0123674,0.33256
603,1.20486,0.0119451,0.048962
603,1.09303,0.0116013,0.050989
603,1.13102,0.0106364,0.051282
603,1.16545,0.00971308,0.051688
603,1.33504,0.0180826,0.052056
603,1.16818,0.011505,0.052654
604,1.16616,0.00899654,0.056142
604,1.25424,0.00999454,0.054167
604,1.1629,0.00991288,0.056925
604,1.19068,0.0109352,0.055568
604,1.20351,0.012749,0.049653
604,1.27614,0.011975,0.051568
604,1.18596,0.0104377,0.052356
604,1.2408,0.012148,0.056228
604,1.27644,0.0150047,0.051848
604,1.27016,0.00973524,0.053197
604,1.24647,0.0104623,0.053459
604,1.18551,0.0112264,0.055231
604,1.13892,0.00953922,0.05407
604,1.20475,0.0145657,0.053969
604,1.17463,0.010614,0.058337
604,1.20833,0.00872653,0.058398
604,1.19372,0.0112924,0.069359
604,1.21631,0.0101705,0.058241
604,1.28384,0.0125865,0.060691
604,1.25107,0.010594,0.060815
605,1.22302,0.0104061,0.058709
605,1.15293,0.0170926,0.057118
605,1.20747,0.012881,0.056804
605,1.16155,0.0141304,0.445588
605,1.23015,0.00995239,0.495314
605,1.20428,0.0125475,0.491269
605,1.15394,0.012521,0.495157
605,1.15875,0.010861,0.492778
605,1.22098,0.013471,0.491867
605,1.24103,0.0118548,0.501933
605,1.19993,0.00971206,0.502211
605,1.16034,0.017619,0.496973
605,1.28194,0.0127358,0.501407
605,1.1483,0.0115357,0.501738
605,1.2549,0.0113873,0.497659
605,1.13178,0.00989584,0.49663
605,1.20448,0.0117525,0.196306
605,1.24023,0.00990945,0.04906
605,1.22912,0.0103546,0.05114
605,1.21074,0.0106811,0.051034
606,1.21537,0.0104403,0.051085
606,1.09983,0.00909982,0.052853
606,1.13911,0.00864689,0.051234
606,1.21172,0.0125204,0.051768
606,1.12116,0.00849361,0.051487
606,1.21361,0.0101632,0.051235
606,1.08711,0.0111127,0.051431
606,1.19014,0.0122258,0.051359
606,1.25317,0.0120502,0.052122
606,1.21457,0.0108259,0.051153
606,1.17559,0.0100819,0.051916
606,1.18779,0.01091,0.052907
606,1.20051,0.00834432,0.05184
606,1.1552,0.0131665,0.051199
606,1.23348,0.0094228,0.051775
606,1.22975,0.0117905,0.051512
606,1.18932,0.00975066,0.051617
606,1.13827,0.00895741,0.051368
606,1.19149,0.0135249,0.051167
606,1.19544,0.00776761,0.051575
607,1.08106,0.00989636,0.052187
607,1.18373,0.011753,0.052098
607,1.17882,0.0109841,0.052633
607,1.23125,0.0100318,0.05211
607,1.19213,0.00852108,0.052659
607,1.06467,0.0137479,0.052435
607,1.20412,0.0108128,0.052316
607,1.06476,0.0124727,0.253212
607,1.22262,0.0104859,0.499046
607,1.21071,0.0103486,0.502229
607,1.26011,0.00962944,0.501644
607,1.19449,0.0109526,0.501498
607,1.20472,0.00984081,0.499445
607,1.23071,0.0103564,0.494498
607,1.12553,0.0119716,0.493101
607,1.25484,0.0109633,0.499161
607,1.23127,0.0127205,0.495769
607,1.19457,0.0102155,0.195519
607,1.23548,0.0108863,0.05008
607,1.19726,0.0110971,0.051701
608,1.12279,0.0123781,0.052698
608,1.23292,0.0105694,0.052677
608,1.24647,0.0101036,0.052491
608,1.21921,0.00953749,0.065436
608,1.07444,0.0115761,0.054354
608,1.18433,0.0134042,0.053133
608,1.27645,0.0121562,0.053174
608,1.23071,0.00978741,0.052497
608,1.21284,0.0115047,0.052665
608,1.28651,0.0134885,0.053003
608,1.1595,0.011148,0.052575
608,1.15732,0.00975832,0.052951
608,1.17717,0.0130341,0.052323
608,1.24809,0.0133431,0.052961
608,1.21011,0.0110475,0.054929
608,1.21242,0.0131696,0.053395
608,1.27222,0.0106826,0.052579
608,1.24244,0.010431,0.052639
608,1.34102,0.018068,0.052824
608,1.14141,0.0100038,0.0536
609,1.22454,0.00948447,0.054453
609,1.12774,0.0103128,0.054719
609,1.16648,0.00920475,0.054429
609,1.1765,0.0101906,0.053443
609,1.14722,0.0135442,0.055795
609,1.15498,0.00855793,0.054376
609,1.17147,0.0107,0.053514
609,1.22544,0.0111411,0.08073
609,1.24272,0.0108359,0.49877
609,1.21798,0.0133103,0.500318
609,1.22437,0.00939134,0.50119
609,1.20905,0.0124286,0.500964
609,1.26762,0.0117968,0.497876
609,1.16334,0.0107146,0.500317
609,1.23043,0.0115661,0.501599
609,1.34227,0.0129548,0.496692
609,1.18844,0.00814838,0.497114
609,1.23101,0.011292,0.454328
609,1.2619,0.0103659,0.048831
609,1.18313,0.0132236,0.050707
610,1.15434,0.0106883,0.052791
610,1.13206,0.00877116,0.054036
610,1.31378,0.0106631,0.051725
610,1.1386,0.0116388,0.051469
610,1.25957,0.0094032,0.051565
610,1.22535,0.0110595,0.051759
610,1.22399,0.0121899,0.051852
610,1.21195,0.00875316,0.05262
610,1.18097,0.0103955,0.052607
610,1.29818,0.00996093,0.052406
610,1.17082,0.0116604,0.052416
610,1.23464,0.0169721,0.052317
610,1.27684,0.0103286,0.052924
610,1.1451,0.0137408,0.052894
610,1.18339,0.0106834,0.052599
610,1.1686,0.00960253,0.05304
610,1.26238,0.00894177,0.053019
610,1.15632,0.00911616,0.053145
610,1.24895,0.0144839,0.052651
610,1.20157,0.013896,0.05277
611,1.21976,0.0088861,0.053091
611,1.16588,0.0106667,0.052913
611,1.18784,0.0132208,0.052919
611,1.12269,0.0096185,0.053306
611,1.19395,0.0175159,0.052827
611,1.20716,0.00956039,0.053382
611,1.21691,0.00886821,0.052731
611,1.15613,0.0117966,0.053122
611,1.16645,0.00985351,0.094223
611,1.22318,0.00885686,0.501734
611,1.19131,0.0117574,0.505556
611,1.23865,0.00914466,0.504366
611,1.25425,0.011619,0.502905
611,1.1633,0.0100021,0.50712
611,1.08369,0.0105205,0.501834
611,1.18753,0.0101839,0.502417
611,1.16504,0.0104717,0.505014
611,1.26186,0.00975512,0.512333
611,1.19143,0.00956098,0.506218
611,1.22729,0.0104417,0.505764
612,1.1493,0.0114543,0.509499
612,1.24757,0.0130316,0.506249
612,1.18888,0.0112682,0.507065
612,1.14236,0.00890639,0.509621
612,1.17492,0.0101274,0.511655
612,1.21366,0.0117782,0.509657
612,1.17746,0.0120269,0.504903
612,1.1642,0.0107404,0.507088
612,1.18009,0.00938481,0.506703
612,1.1219,0.00975444,0.50879
612,1.11122,0.00895846,0.504922
612,1.15444,0.00927577,0.507792
612,1.17425,0.00987456,0.506802
612,1.19661,0.00929592,0.506983
612,1.21893,0.00988422,0.506916
612,1.16083,0.00965575,0.509353
612,1.18833,0.013542,0.505179
612,1.19498,0.0129334,0.504079
612,1.27886,0.0177016,0.32842
612,1.15502,0.0129633,0.078943
613,1.25376,0.00990209,0.052891
613,1.26237,0.0100201,0.052785
613,1.23126,0.0102193,0.052931
613,1.23614,0.00974333,0.052798
613,1.24533,0.0128368,0.052883
613,1.16067,0.00997511,0.053395
613,1.22262,0.0112227,0.052533
613,1.17798,0.0103817,0.053445
613,1.08717,0.0102513,0.054095
613,1.22394,0.00923636,0.053775
613,1.29636,0.0164371,0.053572
613,1.17531,0.0101839,0.054284
613,1.23572,0.0108645,0.054379
613,1.27822,0.0106809,0.053414
613,1.1636,0.0099093,0.05393
613,1.19697,0.0117712,0.05391
613,1.15252,0.0170559,0.054291
613,1.2446,0.0123567,0.054033
613,1.32088,0.0168164,0.053766
613,1.23844,0.00815689,0.054376
614,1.2215,0.0100226,0.054283
614,1.19666,0.00984696,0.054098
614,1.23462,0.00997037,0.055063
614,1.20159,0.0133472,0.054168
614,1.19087,0.010003,0.053484
614,1.17349,0.0105549,0.053833
614,1.13383,0.012412,0.053538
614,1.17621,0.00962688,0.053711
614,1.27104,0.0107968,0.053674
614,1.11803,0.0129689,0.053832
614,1.13851,0.0114427,0.054663
614,1.14002,0.010163,0.054601
614,1.26235,0.00986553,0.054813
614,1.20235,0.0216845,0.055009
614,1.1888,0.0108285,0.055651
614,1.14123,0.0100521,0.055663
614,1.236,0.0105445,0.05444
614,1.20352,0.0110711,0.055059
614,1.17091,0.0119316,0.055493
614,1.2219,0.0112521,0.054767
615,1.16238,0.0102565,0.094936
615,1.20559,0.0138937,0.056493
615,1.20958,0.0095943,0.055566
615,1.25093,0.0128769,0.055129
615,1.28549,0.0142869,0.054796
615,1.20387,0.0100229,0.055739
615,1.24315,0.0107172,0.055681
615,1.26743,0.0127557,0.055572
615,1.28995,0.0103433,0.055706
615,1.13951,0.00966839,0.055105
615,1.17912,0.0143562,0.055685
615,1.23208,0.0115665,0.054382
615,1.25811,0.0168547,0.054785
615,1.24452,0.0124856,0.055145
615,1.23678,0.0166955,0.05522
615,1.23258,0.0116884,0.055554
615,1.25965,0.0108133,0.054602
615,1.2106,0.0101773,0.055173
615,1.14952,0.0119388,0.054729
615,1.29164,0.0111143,0.054462
616,1.25297,0.0145551,0.055736
616,1.26343,0.0105001,0.055431
616,1.21587,0.00954675,0.055559
616,1.24755,0.00949169,0.055761
616,1.26354,0.0109136,0.055609
616,1.17385,0.0094397,0.055455
616,1.24789,0.0108837,0.055136
616,1.22863,0.0103796,0.055973
616,1.24428,0.0112987,0.056082
616,1.27785,0.0107027,0.056086
616,1.17175,0.0103796,0.056191
616,1.26992,0.0142476,0.056305
616,1.17362,0.0113408,0.055146
616,1.32792,0.0166468,0.056255
616,1.23947,0.0111705,0.056519
616,1.25785,0.0112123,0.056188
616,1.2085,0.0119493,0.056559
616,1.12681,0.00999775,0.056008
616,1.26813,0.0094913,0.056007
616,1.18726,0.0118691,0.056167
617,1.22309,0.0111608,0.05671
617,1.1991,0.0128122,0.056065
617,1.20002,0.0104798,0.056253
617,1.2196,0.0111671,0.055374
617,1.17865,0.0104093,0.056278
617,1.24091,0.00948372,0.057801
617,1.19019,0.0105711,0.057956
617,1.28924,0.0103547,0.056105
617,1.28664,0.0100444,0.057946
617,1.34574,0.00987389,0.056379
617,1.18775,0.0115118,0.055717
617,1.25588,0.0106211,0.056142
617,1.1965,0.0128523,0.055866
617,1.20435,0.0106471,0.055922
617,1.20267,0.00937883,0.056369
617,1.27503,0.0139377,0.058375
617,1.27343,0.0145324,0.0568
617,1.16927,0.00922487,0.056496
617,1.24734,0.012411,0.056002
617,1.23299,0.0164097,0.055855
618,1.25387,0.0104752,0.068605
618,1.17056,0.00734436,0.056312
618,1.31033,0.0101209,0.058143
618,1.25504,0.0104937,0.056522
618,1.19749,0.0106553,0.056358
618,1.16893,0.0105557,0.056776
618,1.14207,0.0151862,0.05678
618,1.23899,0.0119549,0.056609
618,1.26081,0.0113716,0.057255
618,1.27223,0.0134948,0.057242
618,1.22344,0.0173924,0.057147
618,1.20473,0.0142921,0.057568
618,1.25618,0.013879,0.056956
618,1.21283,0.0100095,0.057255
618,1.19109,0.00892524,0.056918
618,1.25587,0.010313,0.057069
618,1.20955,0.0114278,0.056552
618,1.1309,0.0101336,0.056916
618,1.15675,0.0107839,0.056379
618,1.23275,0.0116042,0.057567
619,1.18003,0.0121548,0.057761
619,1.09292,0.0113026,0.057605
619,1.19132,0.00928201,0.056821
619,1.26658,0.0123011,0.056683
619,1.21058,0.0107752,0.056579
619,1.11557,0.00959482,0.056614
619,1.19504,0.00899866,0.056886
619,1.25363,0.0128438,0.058076
619,1.14046,0.0111638,0.058063
619,1.23104,0.00942574,0.057763
619,1.2376,0.0104738,0.056877
619,1.23945,0.00983622,0.056956
619,1.27485,0.0131224,0.057198
619,1.25217,0.0135128,0.057839
619,1.22533,0.0122901,0.057134
619,1.25172,0.0145059,0.057265
619,1.1976,0.0153096,0.056855
619,1.22612,0.00866313,0.057477
619,1.15222,0.00965418,0.057662
619,1.09084,0.00981616,0.05762
620,1.18993,0.0121704,0.058705
620,1.14742,0.00809155,0.05815
620,1.18833,0.0131945,0.05924
620,1.22686,0.0101416,0.057387
620,1.18428,0.0112563,0.057142
620,1.264,0.0108247,0.056993
620,1.15499,0.00990255,0.058245
620,1.23522,0.00954536,0.058085
620,1.25734,0.0132957,0.057251
620,1.24019,0.0111368,0.057337
620,1.27653,0.0102167,0.058757
620,1.26275,0.0124622,0.059672
620,1.21983,0.0115387,0.057661
620,1.1791,0.00901892,0.05732
620,1.24417,0.0124951,0.057353
620,1.17049,0.0102841,0.05763
620,1.27694,0.0109635,0.057932
620,1.26882,0.0161574,0.057551
620,1.21947,0.0127714,0.057585
620,1.14054,0.0106686,0.058328
621,1.19581,0.012283,0.086826
621,1.19196,0.0103308,0.058888
621,1.18871,0.016155,0.059233
621,1.19461,0.00988983,0.060452
621,1.30208,0.0126991,0.060065
621,1.25404,0.010679,0.059312
621,1.21801,0.0162533,0.058895
621,1.27884,0.0144295,0.058827
621,1.20231,0.00882436,0.059024
621,1.18756,0.00995074,0.059281
621,1.20402,0.00945815,0.059075
621,1.26572,0.00943462,0.059791
621,1.15112,0.00994683,0.059009
621,1.13671,0.0115414,0.058043
621,1.22726,0.0111743,0.057831
621,1.17854,0.00983573,0.058066
621,1.16376,0.0131993,0.058077
621,1.15532,0.0105122,0.0586
621,1.09073,0.00942493,0.059179
621,1.23366,0.0111358,0.059374
622,1.21052,0.0103852,0.060424
622,1.21907,0.0122189,0.059634
622,1.27529,0.00964471,0.058101
622,1.15063,0.0104884,0.058444
622,1.13967,0.00984689,0.059256
622,1.1601,0.0110601,0.059308
622,1.24986,0.0147504,0.058825
622,1.17761,0.0101234,0.060121
622,1.23902,0.0114336,0.058623
622,1.1981,0.0144985,0.059188
622,1.21738,0.0134588,0.059674
622,1.24099,0.0102559,0.060062
622,1.22665,0.0111048,0.06042
622,1.20769,0.00992845,0.059045
622,1.22645,0.0106059,0.058942
622,1.11153,0.0102838,0.058585
622,1.21969,0.0113879,0.059479
622,1.21007,0.0119654,0.059522
622,1.16853,0.0138483,0.059586
622,1.27772,0.0124417,0.059066
623,1.24843,0.0123035,0.059274
623,1.31169,0.0109253,0.059557
623,1.14788,0.00944551,0.05966
623,1.22821,0.0104154,0.060124
623,1.15724,0.0111558,0.059232
623,1.21872,0.00913222,0.060099
623,1.29448,0.0141708,0.058998
623,1.29716,0.00935978,0.058789
623,1.3756,0.0158582,0.058959
623,1.12454,0.0102885,0.058557
623,1.21279,0.0115741,0.058583
623,1.2258,0.0111767,0.059258
623,1.22283,0.0100999,0.058467
623,1.19372,0.00962575,0.05885
623,1.14079,0.0106666,0.058863
623,1.20843,0.00778068,0.058468
623,1.26837,0.0157755,0.058883
623,1.26396,0.0124508,0.059169
623,1.18143,0.0132908,0.059956
623,1.19049,0.0127503,0.060289
624,1.15116,0.0102168,0.06093
624,1.22477,0.00851512,0.060128
624,1.30376,0.00978698,0.059769
624,1.24886,0.0110774,0.05881
624,1.24365,0.010488,0.058994
624,1.13137,0.00835601,0.058948
624,1.22072,0.0145514,0.059781
624,1.29449,0.00774285,0.060825
624,1.15629,0.00977091,0.060808
624,1.10481,0.00806386,0.060592
624,1.21079,0.0184235,0.059765
624,1.24793,0.0107783,0.059
624,1.11252,0.00991033,0.060115
624,1.24952,0.00843571,0.059085
624,1.23373,0.00873088,0.059226
624,1.24921,0.0103764,0.059043
624,1.29223,0.0103073,0.05966
624,1.13641,0.00901407,0.060187
624,1.14122,0.0137682,0.05961
624,1.23693,0.0105338,0.060476
625,1.15981,0.00966895,0.06134
625,1.24826,0.010498,0.060807
625,1.20949,0.0125946,0.060831
625,1.24297,0.0111606,0.060328
625,1.16463,0.0110753,0.060297
625,1.16176,0.012285,0.061279
625,1.23107,0.0110786,0.060226
625,1.25535,0.0112106,0.060629
625,1.2327,0.0105871,0.060978
625,1.19618,0.00840072,0.060383
625,1.17583,0.0119237,0.059644
625,1.17211,0.0131771,0.059531
625,1.14576,0.0115813,0.059678
625,1.22912,0.0124153,0.060136
625,1.26536,0.0122879,0.059992
625,1.26111,0.0148645,0.060479
625,1.16273,0.00922791,0.059644
625,1.2605,0.0134446,0.059878
625,1.12131,0.010747,0.059721
625,1.21134,0.0104929,0.060202
626,1.30434,0.0121352,0.060803
626,1.24101,0.00815587,0.060756
626,1.16738,0.00856515,0.061138
626,1.14296,0.0118132,0.061
626,1.21376,0.0134299,0.060904
626,1.15573,0.0138666,0.061691
626,1.27042,0.00982097,0.06065
626,1.25107,0.0117797,0.060422
626,1.15242,0.00811396,0.06071
626,1.19221,0.0105492,0.060168
626,1.16452,0.00820677,0.060717
626,1.25642,0.0100657,0.060153
626,1.21432,0.0106361,0.061414
626,1.21954,0.0101183,0.063343
626,1.21056,0.0136507,0.061795
626,1.20537,0.0124621,0.06094
626,1.18623,0.00868696,0.06011
626,1.17401,0.0134873,0.059678
626,1.22272,0.00996868,0.059898
626,1.19475,0.0115697,0.05993
627,1.24231,0.0100473,0.087432
627,1.29119,0.00930694,0.059911
627,1.23495,0.00987126,0.060121
627,1.16222,0.0120595,0.061009
627,1.19272,0.00881817,0.060464
627,1.18581,0.0125771,0.06041
627,1.1876,0.0121417,0.060118
627,1.11425,0.0137946,0.060255
627,1.16004,0.0135463,0.060277
627,1.25188,0.0127642,0.060746
627,1.22098,0.0140356,0.061678
627,1.2122,0.0113157,0.064449
627,1.1104,0.0096595,0.06365
627,1.24989,0.0114351,0.071936
627,1.17845,0.00844062,0.062169
627,1.11881,0.00947037,0.061406
627,1.11635,0.007424,0.061121
627,1.17211,0.0121005,0.061043
627,1.13674,0.0117177,0.060714
627,1.25285,0.0122364,0.060538
628,1.19095,0.0106065,0.074211
628,1.24065,0.0109624,0.059221
628,1.19277,0.00963481,0.061616
628,1.13774,0.00961088,0.062298
628,1.27441,0.0123299,0.061291
628,1.34622,0.00931665,0.061126
628,1.10324,0.0148789,0.061422
628,1.19133,0.00893571,0.060912
628,1.16273,0.00942444,0.060875
628,1.17008,0.0109981,0.060291
628,1.20069,0.0087157,0.060359
628,1.14687,0.0104269,0.060368
628,1.23861,0.0094453,0.061175
628,1.27275,0.0124122,0.061167
628,1.20002,0.0131493,0.061133
628,1.21713,0.013048,0.061167
628,1.29979,0.0108121,0.060573
628,1.18629,0.00858022,0.060399
628,1.34788,0.0169389,0.060245
628,1.19449,0.0153985,0.060663
629,1.25794,0.0102082,0.061831
629,1.12976,0.00941816,0.061219
629,1.19338,0.00928924,0.060389
629,1.23091,0.0149474,0.061512
629,1.1775,0.00828817,0.060153
629,1.1518,0.0102356,0.060832
629,1.25151,0.0111104,0.060928
629,1.14904,0.00936348,0.060445
629,1.12843,0.0113042,0.060777
629,1.16768,0.00841023,0.060927
629,1.15865,0.0101578,0.060601
629,1.27361,0.0111531,0.060579
629,1.20885,0.0107498,0.061312
629,1.23661,0.0115378,0.062049
629,1.31276,0.0115706,0.061761
629,1.2987,0.0112457,0.061946
629,1.25433,0.0102805,0.063043
629,1.18331,0.00940965,0.06248
629,1.14247,0.0093162,0.064006
629,1.21718,0.00834253,0.062444
630,1.18158,0.00860473,0.06491
630,1.15115,0.00995065,0.063559
630,1.15113,0.0111698,0.062886
630,1.16077,0.0104261,0.062916
630,1.16131,0.010744,0.062602
630,1.1272,0.00657909,0.062435
630,1.09689,0.0129328,0.062006
630,1.16193,0.0102766,0.062697
630,1.154,0.0114659,0.064228
630,1.21701,0.0099241,0.063947
630,1.18049,0.0105963,0.061366
630,1.14285,0.0107256,0.061757
630,1.22209,0.00967764,0.061653
630,1.10697,0.00966536,0.061192
630,1.23624,0.0100927,0.062052
630,1.15418,0.00992401,0.061166
630,1.21278,0.00897869,0.061399
630,1.22262,0.0110688,0.061409
630,1.18475,0.0117917,0.061109
630,1.2309,0.0126208,0.06121
631,1.20307,0.00985305,0.061742
631,1.21353,0.0123222,0.061189
631,1.19556,0.0123188,0.06213
631,1.13072,0.0126148,0.061884
631,1.23223,0.00950811,0.061491
631,1.25183,0.0143597,0.061789
631,1.19056,0.0121967,0.061609
631,1.24769,0.00939468,0.061209
631,1.16206,0.0146333,0.061337
631,1.18568,0.011235,0.061632
631,1.17251,0.0086334,0.06132
631,1.22112,0.0105742,0.062563
631,1.21023,0.00894455,0.061705
631,1.18563,0.00922978,0.061345
631,1.28698,0.0143557,0.060792
631,1.18041,0.00884838,0.060524
631,1.10977,0.00769831,0.06097
631,1.17011,0.00910164,0.060574
631,1.22495,0.0152195,0.061277
631,1.21791,0.0128408,0.062127
632,1.16581,0.0115934,0.063208
632,1.13025,0.0102143,0.061194
632,1.19887,0.0118021,0.061717
632,1.17619,0.0095037,0.061189
632,1.1002,0.011002,0.061816
632,1.17512,0.0104963,0.062409
632,1.13696,0.0104942,0.062298
632,1.19353,0.0157863,0.06291
632,1.15734,0.0081041,0.064922
632,1.13559,0.0115515,0.062682
632,1.2797,0.00993987,0.062375
632,1.17877,0.0134127,0.06202
632,1.20866,0.00940668,0.06251
632,1.22872,0.0126917,0.063864
632,1.1859,0.0137145,0.063337
632,1.21907,0.00958486,0.062774
632,1.25111,0.00997421,0.062219
632,1.26573,0.0110085,0.062547
632,1.21815,0.0138478,0.06234
632,1.23546,0.0118735,0.061826
633,1.19296,0.0171712,0.063419
633,1.21807,0.0117953,0.062531
633,1.22297,0.00880631,0.061404
633,1.19424,0.0112829,0.062027
633,1.16298,0.00985345,0.062058
633,1.24258,0.0103156,0.061784
633,1.21161,0.0118151,0.062041
633,1.13098,0.0105712,0.061558
633,1.12895,0.00956954,0.061815
633,1.22566,0.00842116,0.062097
633,1.22459,0.0142687,0.062196
633,1.24973,0.00918649,0.061425
633,1.21121,0.0123429,0.06219
633,1.19106,0.00884924,0.062052
633,1.2279,0.0105943,0.06203
633,1.20966,0.0112991,0.061531
633,1.24281,0.00897851,0.066566
633,1.1975,0.00875218,0.07772
633,1.14519,0.00951505,0.078142
633,1.19104,0.0109163,0.099513
634,1.26036,0.0140557,0.119484
634,1.17708,0.0109416,0.086262
634,1.21042,0.0101773,0.074468
634,1.24478,0.0104599,0.07372
634,1.27177,0.0113932,0.072997
634,1.19892,0.00967767,0.077258
634,1.16929,0.00935087,0.074654
634,1.17097,0.0103626,0.073626
634,1.18991,0.0112472,0.073044
634,1.26252,0.00856408,0.074062
634,1.1638,0.00921821,0.073123
634,1.24877,0.00963312,0.07318
634,1.13401,0.00833507,0.073552
634,1.14254,0.0102713,0.073338
634,1.15892,0.00829865,0.07263
634,1.1985,0.013664,0.07215
634,1.16748,0.0100488,0.072493
634,1.22369,0.00931851,0.072858
634,1.22225,0.0101155,0.072817
634,1.21216,0.00971222,0.073319
635,1.10043,0.00802927,0.077645
635,1.17305,0.00921673,0.074061
635,1.21469,0.00984179,0.073666
635,1.18459,0.0124229,0.072946
635,1.22294,0.0100492,0.074267
635,1.21196,0.0114848,0.073191
635,1.17691,0.0118145,0.07268
635,1.23853,0.00977767,0.072993
635,1.17888,0.0151138,0.073396
635,1.21415,0.00975403,0.07413
635,1.2195,0.00945643,0.073344
635,1.18856,0.0100634,0.07306
635,1.19214,0.0138234,0.072124
635,1.17813,0.00940779,0.072546
635,1.32196,0.0139584,0.072988
635,1.23446,0.0105456,0.073059
635,1.22382,0.0100821,0.073712
635,1.17544,0.0151641,0.074422
635,1.17377,0.01571,0.073148
635,1.14895,0.0111695,0.0725
636,1.182,0.010866,0.078364
636,1.19461,0.0115583,0.073043
636,1.18051,0.0100047,0.07334
636,1.28177,0.00898664,0.07258
636,1.12477,0.00994022,0.072598
636,1.17644,0.011416,0.073111
636,1.21879,0.0103737,0.073608
636,1.16141,0.0111343,0.073965
636,1.21168,0.00816991,0.07324
636,1.17984,0.0115407,0.072859
636,1.31495,0.00979171,0.072749
636,1.19146,0.00988307,0.073299
636,1.17479,0.00874482,0.072862
636,1.1403,0.0101017,0.073492
636,1.21364,0.0102838,0.073399
636,1.18528,0.012225,0.07321
636,1.24506,0.00852207,0.074647
636,1.18779,0.0088678,0.072666
636,1.08501,0.011426,0.073299
636,1.2226,0.00873356,0.073899
637,1.14269,0.00808114,0.079307
637,1.25817,0.0114353,0.07685
637,1.18779,0.0128861,0.073834
637,1.24176,0.010168,0.072666
637,1.24058,0.00903829,0.073908
637,1.18915,0.00958775,0.074643
637,1.19643,0.0131281,0.072532
637,1.15561,0.0101161,0.073281
637,1.1781,0.00982926,0.072714
637,1.20025,0.0088687,0.073786
637,1.13577,0.0109591,0.074261
637,1.24415,0.0110851,0.074287
637,1.28441,0.0131344,0.074439
637,1.29768,0.00998413,0.073039
637,1.16549,0.00919508,0.073116
637,1.23548,0.0117132,0.085924
637,1.2356,0.00973369,0.081926
637,1.12752,0.0101915,0.0786
637,1.21264,0.00965598,0.073743
637,1.20703,0.0178829,0.072794
638,1.15272,0.0137466,0.0797
638,1.2423,0.0107256,0.079244
638,1.23262,0.0110826,0.076279
638,1.22781,0.00953071,0.080978
638,1.15999,0.0105492,0.081683
638,1.20586,0.0116292,0.075181
638,1.1834,0.00922268,0.074017
638,1.19303,0.00934724,0.073409
638,1.20573,0.0113633,0.074469
638,1.25716,0.00982755,0.074968
638,1.20316,0.0113761,0.075471
638,1.25995,0.011814,0.077939
638,1.25075,0.0144787,0.075283
638,1.23885,0.0121885,0.074816
638,1.15655,0.00854777,0.073034
638,1.07014,0.0106211,0.073022
638,1.26377,0.0147261,0.073573
638,1.2123,0.0104053,0.075338
638,1.20207,0.014383,0.073998
638,1.16878,0.0100306,0.074078
639,1.1866,0.0111777,0.079981
639,1.23098,0.00876024,0.074637
639,1.18918,0.00921585,0.073052
639,1.24583,0.0100798,0.07342
639,1.16622,0.0121295,0.07402
639,1.16171,0.0140852,0.074276
639,1.23829,0.0125358,0.072954
639,1.27068,0.0131283,0.073988
639,1.09872,0.0083387,0.07325
639,1.18503,0.0126591,0.073813
639,1.26026,0.00997169,0.076283
639,1.17491,0.010987,0.079045
639,1.21434,0.011538,0.078683
639,1.19201,0.00960887,0.077173
639,1.28636,0.0107663,0.075475
639,1.24468,0.013269,0.07769
639,1.22459,0.00841162,0.075037
639,1.21409,0.0118362,0.07495
639,1.18892,0.013187,0.082309
639,1.21512,0.0131608,0.079352
640,1.14954,0.0107152,0.083094
640,1.2024,0.00879504,0.07498
640,1.29581,0.0139527,0.074928
640,1.13393,0.0137689,0.073869
640,1.22686,0.0148532,0.076471
640,1.1015,0.0113533,0.076301
640,1.10335,0.0125101,0.077519
640,1.11062,0.0116229,0.077038
640,1.2163,0.0159597,0.077354
640,1.19703,0.00964219,0.077074
640,1.23585,0.0115455,0.074428
640,1.24922,0.0133714,0.074935
640,1.12503,0.00949544,0.076445
640,1.13805,0.0125414,0.07707
640,1.28689,0.00990032,0.075961
640,1.21222,0.011082,0.07663
640,1.22844,0.00886638,0.075612
640,1.10661,0.0104624,0.073918
640,1.2154,0.0101265,0.074259
640,1.2402,0.0162474,0.07447
641,1.2415,0.00908365,0.080087
641,1.17058,0.0105454,0.075287
641,1.19459,0.0108329,0.075582
641,1.1661,0.00906765,0.07687
641,1.27982,0.0152588,0.074907
641,1.24835,0.0116655,0.07492
641,1.17234,0.00888668,0.074807
641,1.23186,0.00979748,0.075579
641,1.24705,0.0123547,0.07589
641,1.27582,0.015325,0.076039
641,1.22725,0.0166622,0.076868
641,1.18541,0.0125838,0.076899
641,1.24659,0.00938078,0.075223
641,1.2001,0.00789106,0.076969
641,1.09152,0.00894048,0.075727
641,1.2083,0.0122837,0.075816
641,1.19345,0.0101402,0.076991
641,1.21644,0.0116998,0.075132
641,1.19322,0.0107244,0.079847
641,1.18378,0.0109556,0.077237
642,1.23973,0.0129716,0.083779
642,1.19107,0.0108612,0.076349
642,1.21595,0.0141695,0.075012
642,1.17869,0.0108869,0.07357
642,1.09301,0.00854554,0.091619
642,1.11039,0.0119198,0.099598
642,1.24002,0.0128809,0.103329
642,1.27321,0.00992237,0.09584
642,1.22512,0.0106536,0.087993
642,1.25129,0.0107618,0.087994
642,1.19768,0.0110109,0.097787
642,1.15801,0.00794941,0.09504
642,1.2363,0.0110993,0.081397
642,1.15054,0.0129861,0.078095
642,1.19879,0.00886484,0.077341
642,1.19709,0.0127631,0.078082
642,1.23008,0.0103759,0.075695
642,1.16155,0.0100634,0.074307
642,1.14703,0.00953714,0.077894
642,1.07808,0.0111599,0.10837
643,1.13579,0.00872983,0.0863
643,1.18703,0.0140126,0.077205
643,1.17832,0.00946786,0.083533
643,1.15383,0.00970458,0.078079
643,1.22217,0.00940661,0.078244
643,1.29233,0.0135347,0.078935
643,1.22793,0.0123855,0.079294
643,1.1485,0.0112274,0.077669
643,1.18086,0.0112028,0.08125
643,1.25585,0.0121901,0.081674
643,1.23825,0.0122987,0.0896
643,1.14568,0.011545,0.089043
643,1.15463,0.0111507,0.075943
643,1.25577,0.0119471,0.075497
643,1.18557,0.0108736,0.087927
643,1.21122,0.010403,0.091483
643,1.3565,0.00997835,0.087893
643,1.14154,0.0100255,0.093106
643,1.20697,0.0114571,0.08968
643,1.13984,0.00820501,0.08909
644,1.27524,0.00992244,0.091104
644,1.15982,0.0087252,0.087518
644,1.12797,0.00977254,0.090121
644,1.11856,0.0102779,0.083042
644,1.25135,0.0127887,0.07888
644,1.19688,0.00898179,0.079337
644,1.21426,0.0129482,0.084196
644,1.20556,0.0104774,0.083856
644,1.15862,0.00945714,0.082564
644,1.18105,0.0100144,0.077726
644,1.14544,0.0102895,0.094197
644,1.21816,0.0120613,0.079225
644,1.20603,0.00897376,0.077398
644,1.18848,0.00849915,0.078174
644,1.21018,0.0129319,0.076366
644,1.16709,0.00996558,0.075885
644,1.338,0.0138546,0.078689
644,1.1672,0.0144752,0.080943
644,1.23573,0.0110144,0.077799
644,1.25331,0.0103407,0.077825
645,1.20135,0.00932404,0.083073
645,1.20353,0.0141873,0.076698
645,1.21767,0.0164445,0.077575
645,1.30018,0.0100872,0.077542
645,1.15982,0.00969036,0.078556
645,1.18205,0.00866315,0.079244
645,1.17115,0.00824854,0.080698
645,1.21609,0.0156575,0.081783
645,1.26183,0.013353,0.082282
645,1.18879,0.0112108,0.082759
645,1.20294,0.0127092,0.079822
645,1.12571,0.0115524,0.080532
645,1.15546,0.00973445,0.081308
645,1.19879,0.0151387,0.081345
645,1.16989,0.0123491,0.079849
645,1.27127,0.0112301,0.080748
645,1.16282,0.00987334,0.082844
645,1.24534,0.0107312,0.081309
645,1.20047,0.00875175,0.081016
645,1.26774,0.0135014,0.078833
646,1.27191,0.0101864,0.083348
646,1.14827,0.00815566,0.078499
646,1.2446,0.0114366,0.078231
646,1.21948,0.012334,0.079134
646,1.14407,0.00847775,0.079
646,1.17176,0.00824486,0.078607
646,1.192,0.00886836,0.081744
646,1.09209,0.00948797,0.083986
646,1.23364,0.0112374,0.080152
646,1.16863,0.00914693,0.08038
646,1.2925,0.0097839,0.080123
646,1.19637,0.0116421,0.079333
646,1.18226,0.013046,0.079545
646,1.18287,0.00997138,0.080989
646,1.26704,0.0108588,0.081839
646,1.21298,0.00936695,0.081252
646,1.20832,0.0120919,0.081153
646,1.23754,0.0109834,0.082523
646,1.24157,0.0119741,0.08401
646,1.11573,0.00949109,0.086141
647,1.12731,0.0157132,0.086514
647,1.1601,0.00952803,0.080313
647,1.16679,0.0112658,0.086113
647,1.14645,0.00898333,0.088978
647,1.18121,0.00996189,0.084924
647,1.19453,0.0097312,0.089405
647,1.11535,0.0122271,0.082849
647,1.11959,0.0134337,0.083424
647,1.21646,0.0102626,0.08099
647,1.18032,0.0176868,0.082349
647,1.26718,0.00761007,0.082913
647,1.21423,0.0111196,0.080826
647,1.20691,0.0120694,0.080177
647,1.26433,0.0142792,0.078121
647,1.1869,0.015049,0.079824
647,1.18435,0.00856248,0.081319
647,1.10814,0.00921457,0.080295
647,1.20891,0.0114605,0.081793
647,1.14933,0.0100527,0.083307
647,1.2102,0.0116186,0.082228
648,1.19761,0.0113918,0.094016
648,1.19207,0.00796211,0.082864
648,1.20319,0.0124424,0.083748
648,1.18994,0.00929955,0.084678
648,1.29055,0.00989901,0.085383
648,1.25553,0.0121965,0.085558
648,1.14606,0.00860244,0.083119
648,1.18374,0.0122232,0.080444
648,1.16127,0.00957342,0.080426
648,1.23012,0.0105817,0.081719
648,1.22662,0.0113414,0.084231
648,1.1358,0.0101882,0.080279
648,1.30843,0.0133997,0.079937
648,1.19609,0.0114568,0.080203
648,1.21491,0.00934916,0.080032
648,1.20058,0.0102382,0.084291
648,1.21513,0.0115055,0.087195
648,1.07774,0.0112207,0.080407
648,1.26389,0.0119914,0.085244
648,1.11527,0.00772079,0.079028
649,1.12592,0.00993928,0.085149
649,1.28218,0.0101549,0.080849
649,1.20487,0.0087365,0.080272
649,1.13396,0.00894259,0.078741
649,1.16109,0.0104467,0.078753
649,1.16397,0.0141564,0.079083
649,1.10244,0.0152565,0.078525
649,1.22848,0.0107968,0.078586
649,1.18108,0.0111,0.078772
649,1.16495,0.0177009,0.08185
649,1.30449,0.0117071,0.082315
649,1.19952,0.0105187,0.08244
649,1.19522,0.00964916,0.08191
649,1.15915,0.0132409,0.080771
649,1.30863,0.0125102,0.081059
649,1.29372,0.0138542,0.082421
649,1.17379,0.00984833,0.083559
649,1.27433,0.0141062,0.083577
649,1.23882,0.0107549,0.079888
649,1.29821,0.0105375,0.081063
650,1.16827,0.0114315,0.087407
650,1.14607,0.0154107,0.081326
650,1.18215,0.00823708,0.081912
650,1.13259,0.0100739,0.078346
650,1.12336,0.009917,0.079381
650,1.2172,0.0157938,0.078651
650,1.26602,0.00958234,0.078772
650,1.20732,0.0106276,0.081151
650,1.20994,0.00977328,0.079851
650,1.22222,0.00883189,0.077993
650,1.19524,0.0120798,0.078693
650,1.21337,0.009987,0.079663
650,1.07495,0.00964352,0.080099
650,1.23026,0.00913695,0.085048
650,1.21744,0.00974181,0.082241
650,1.22427,0.0105302,0.081323
650,1.20616,0.0114119,0.079062
650,1.29052,0.00968897,0.078536
650,1.21787,0.0102206,0.080058
650,1.21316,0.0100403,0.081212
651,1.12108,0.013993,0.086417
651,1.28787,0.012319,0.082149
651,1.20246,0.00921718,0.082399
651,1.17663,0.0103492,0.08336
651,1.26296,0.0106891,0.082611
651,1.19374,0.0111386,0.082758
651,1.20159,0.0090937,0.082172
651,1.17551,0.0131331,0.080558
651,1.21585,0.0110907,0.081954
651,1.23466,0.00967148,0.081096
651,1.16288,0.0112921,0.079879
651,1.26003,0.0109674,0.078195
651,1.22227,0.013381,0.079213
651,1.23205,0.0123296,0.078743
651,1.1807,0.0108352,0.079134
651,1.17046,0.00947092,0.078661
651,1.24184,0.00904605,0.077759
651,1.16423,0.0126156,0.083174
651,1.11764,0.00944687,0.084139
651,1.15129,0.00799371,0.082591
652,1.19723,0.00970457,0.086544
652,1.18235,0.00806137,0.081352
652,1.16449,0.0108182,0.080882
652,1.20893,0.00811316,0.078913
652,1.18539,0.0112472,0.079606
652,1.20688,0.0114947,0.079934
652,1.24001,0.00946675,0.080858
652,1.13228,0.00979371,0.088122
652,1.25207,0.0123583,0.08154
652,1.19954,0.0105409,0.082875
652,1.24362,0.0114774,0.082723
652,1.09659,0.0107521,0.080558
652,1.1861,0.0125317,0.080009
652,1.17576,0.00856961,0.080272
652,1.28019,0.0147507,0.08165
652,1.20936,0.00999053,0.08398
652,1.09975,0.0137685,0.083608
652,1.19206,0.0142443,0.084357
652,1.20243,0.0090789,0.084664
652,1.16064,0.0118164,0.083674
653,1.13728,0.00877681,0.087045
653,1.24744,0.0117073,0.079747
653,1.19695,0.00898064,0.081022
653,1.20516,0.0135644,0.080146
653,1.32449,0.00880753,0.080425
653,1.17575,0.0125627,0.082859
653,1.13718,0.0116676,0.083376
653,1.28289,0.0128476,0.088039
653,1.21478,0.0119159,0.082065
653,1.24644,0.0125692,0.081956
653,1.1117,0.0105401,0.083683
653,1.15618,0.00840279,0.084427
653,1.16313,0.00958906,0.080943
653,1.24598,0.0114882,0.080456
653,1.22739,0.00917872,0.08033
653,1.1864,0.00784431,0.081149
653,1.15705,0.0109946,0.081508
653,1.26162,0.00946884,0.0815
653,1.10312,0.00842083,0.082505
653,1.18251,0.0103475,0.082133
654,1.08531,0.0131078,0.087195
654,1.28591,0.0102443,0.083726
654,1.22195,0.0109373,0.083045
654,1.12941,0.00954225,0.083402
654,1.09872,0.00949922,0.085667
654,1.14125,0.0126107,0.087228
654,1.13031,0.00963382,0.089637
654,1.2127,0.0109951,0.083599
654,1.14635,0.0114715,0.084137
654,1.17744,0.0177873,0.084402
654,1.27919,0.0134081,0.100515
654,1.25243,0.010247,0.087884
654,1.17864,0.0115908,0.091416
654,1.12583,0.00965485,0.082992
654,1.16236,0.0105818,0.080932
654,1.16646,0.0103685,0.097753
654,1.17561,0.00893805,0.106196
654,1.28142,0.0115588,0.082718
654,1.17633,0.0106128,0.079306
654,1.18889,0.00913495,0.07885
655,1.26087,0.00890118,0.086563
655,1.17335,0.0103157,0.085086
655,1.20457,0.00996139,0.089225
655,1.25441,0.0109751,0.100203
655,1.13086,0.00800537,0.098327
655,1.26341,0.012407,0.096925
655,1.27026,0.0118905,0.097093
655,1.20799,0.00836595,0.094112
655,1.2245,0.0100737,0.094277
655,1.21193,0.00894125,0.089191
655,1.13531,0.00885907,0.087386
655,1.12597,0.0107386,0.084244
655,1.17566,0.0120468,0.083801
655,1.22365,0.0132294,0.08637
655,1.15683,0.0119051,0.086403
655,1.17541,0.0105287,0.084825
655,1.2161,0.0110891,0.081509
655,1.2221,0.012887,0.095339
655,1.24847,0.0142452,0.097088
655,1.19289,0.00923091,0.088816
656,1.23168,0.00974525,0.091034
656,1.1688,0.009366,0.08423
656,1.2492,0.00947999,0.080963
656,1.28459,0.0114359,0.081186
656,1.20782,0.0087919,0.086313
656,1.18541,0.00877232,0.085293
656,1.17372,0.0101927,0.08489
656,1.15667,0.0100756,0.088438
656,1.19733,0.0100119,0.08463
656,1.17442,0.0103414,0.085714
656,1.17307,0.00864292,0.098162
656,1.11236,0.0109604,0.103615
656,1.30768,0.011434,0.091106
656,1.18126,0.0100577,0.092547
656,1.12672,0.0119475,0.086319
656,1.21234,0.0101961,0.08558
656,1.34002,0.0121834,0.110781
656,1.19845,0.00797636,0.100089
656,1.32382,0.0119317,0.089133
656,1.21595,0.012019,0.087083
657,1.19579,0.00945512,0.091996
657,1.20857,0.0107405,0.086142
657,1.14852,0.0091312,0.091826
657,1.15587,0.0100658,0.089337
657,1.18578,0.0107251,0.08591
657,1.27768,0.0105214,0.084059
657,1.28478,0.0107989,0.085545
657,1.17467,0.0104793,0.083076
657,1.19361,0.0120842,0.08366
657,1.20309,0.0118859,0.084458
657,1.23771,0.0114606,0.084773
657,1.22315,0.0110796,0.090153
657,1.13913,0.00863347,0.086287
657,1.24123,0.00870667,0.08514
657,1.21641,0.0133582,0.088554
657,1.21163,0.0101371,0.08622
657,1.2366,0.0101802,0.101427
657,1.18051,0.0109716,0.099666
657,1.32968,0.00962218,0.093168
657,1.19743,0.00905489,0.094025
658,1.09286,0.0109978,0.093454
658,1.26701,0.009028,0.087229
658,1.17758,0.00832801,0.084978
658,1.2392,0.0146561,0.086189
658,1.19221,0.00832498,0.088163
658,1.21101,0.00902738,0.086526
658,1.1925,0.010353,0.083199
658,1.28647,0.0116744,0.083559
658,1.15275,0.00925991,0.08486
658,1.19557,0.0115303,0.08475
658,1.12727,0.00974934,0.082868
658,1.24502,0.0172886,0.088206
658,1.11691,0.0104992,0.093093
658,1.19122,0.00747392,0.08524
658,1.14328,0.00996962,0.08781
658,1.26393,0.0100883,0.084766
658,1.24783,0.00991105,0.085517
658,1.27678,0.0103039,0.085566
658,1.18717,0.00819852,0.08768
658,1.08507,0.00862435,0.083958
659,1.15426,0.00855812,0.093059
659,1.20775,0.00958561,0.087642
659,1.23242,0.0129325,0.087306
659,1.28387,0.0124858,0.088721
659,1.24984,0.0114025,0.090138
659,1.27198,0.010559,0.090045
659,1.16442,0.0102344,0.088217
659,1.18256,0.0100917,0.087438
659,1.27693,0.0134585,0.09361
659,1.25168,0.0104964,0.11221
659,1.19292,0.0137397,0.093446
659,1.18769,0.00913029,0.086301
659,1.13346,0.0116392,0.084106
659,1.1918,0.00938865,0.084139
659,1.21568,0.0103564,0.087459
659,1.2063,0.00884592,0.086028
659,1.25784,0.0105163,0.085213
659,1.26732,0.00919519,0.085932
659,1.26276,0.0142678,0.090486
659,1.2287,0.011254,0.084466
660,1.18818,0.0132731,0.116108
660,1.30124,0.00896429,0.094403
660,1.19712,0.0112187,0.084919
660,1.20788,0.0108998,0.086167
660,1.18204,0.0106975,0.085509
660,1.21675,0.00931604,0.085071
660,1.17783,0.00892794,0.087224
660,1.12302,0.0115274,0.087761
660,1.20563,0.00974519,0.08535
660,1.27983,0.0159196,0.0869
660,1.0612,0.00812988,0.08657
660,1.20524,0.00863174,0.086398
660,1.20111,0.00974613,0.085632
660,1.19168,0.0110204,0.085776
660,1.25841,0.0110993,0.08569
660,1.23465,0.0137553,0.087189
660,1.21744,0.0136546,0.088557
660,1.20939,0.0080848,0.085941
660,1.19458,0.0098664,0.084482
660,1.24178,0.00784864,0.082945
661,1.18927,0.0104496,0.088962
661,1.3002,0.0118247,0.085523
661,1.22554,0.0100077,0.084197
661,1.28833,0.0106699,0.084092
661,1.23786,0.00997597,0.083564
661,1.18798,0.0095507,0.0925
661,1.31454,0.0118937,0.091239
661,1.2009,0.0109728,0.084803
661,1.13876,0.00805462,0.08496
661,1.23501,0.0110909,0.084246
661,1.13908,0.00847213,0.085163
661,1.18189,0.0114919,0.089057
661,1.1623,0.00922869,0.088811
661,1.17517,0.0166977,0.087215
661,1.28424,0.0133696,0.091647
661,1.26921,0.0157812,0.090169
661,1.20979,0.010414,0.08713
661,1.19123,0.00884509,0.09142
661,1.23043,0.0109254,0.086835
661,1.18725,0.01126,0.086984
662,1.26996,0.0110829,0.098025
662,1.26484,0.0111588,0.08874
662,1.13124,0.00953651,0.088722
662,1.25432,0.010338,0.09167
662,1.21337,0.011932,0.088778
662,1.11075,0.0186934,0.090295
662,1.13287,0.00979885,0.089051
662,1.25008,0.00871817,0.087037
662,1.18905,0.00903378,0.085467
662,1.26898,0.0098529,0.084885
662,1.22194,0.00802252,0.085262
662,1.13905,0.00904981,0.08442
662,1.14838,0.00933635,0.084743
662,1.24114,0.0121697,0.085536
662,1.17053,0.0117142,0.085488
662,1.23234,0.0152772,0.086716
662,1.18143,0.0116383,0.086174
662,1.11831,0.0100254,0.084345
662,1.06924,0.0111891,0.085794
662,1.15553,0.0123542,0.08633
663,1.24083,0.0107339,0.093536
663,1.31667,0.010462,0.086773
663,1.21723,0.00901771,0.086528
663,1.25276,0.0107943,0.086387
663,1.26516,0.0108286,0.087823
663,1.17251,0.00941097,0.097424
663,1.17565,0.0111316,0.087449
663,1.24752,0.0100067,0.088502
663,1.29519,0.0105927,0.086141
663,1.22585,0.0125562,0.086572
663,1.22926,0.0116021,0.088406
663,1.1478,0.0110886,0.084092
663,1.28133,0.0155453,0.083994
663,1.27993,0.0120948,0.084412
663,1.24813,0.0103527,0.085397
663,1.21774,0.012658,0.103654
663,1.17704,0.00905495,0.088414
663,1.18889,0.00862725,0.085443
663,1.16124,0.0113693,0.083679
663,1.23486,0.00908011,0.089413
664,1.13826,0.00871091,0.092667
664,1.16547,0.00949791,0.089996
664,1.26893,0.00877085,0.08693
664,1.19803,0.0114936,0.084549
664,1.23733,0.012433,0.084164
664,1.28285,0.0100934,0.08763
664,1.19951,0.0087921,0.085378
664,1.09926,0.00963048,0.086232
664,1.19629,0.00901911,0.086532
664,1.14717,0.0107801,0.087617
664,1.22906,0.00950433,0.087525
664,1.1751,0.00955444,0.087089
664,1.31927,0.0095708,0.086542
664,1.20937,0.0107847,0.086421
664,1.21466,0.0133742,0.087233
664,1.17425,0.0107774,0.087128
664,1.16263,0.0117639,0.085871
664,1.19185,0.00848184,0.084475
664,1.23701,0.0120237,0.083889
664,1.17513,0.0112268,0.084866
665,1.26939,0.00964892,0.091776
665,1.07596,0.0087634,0.084845
665,1.21432,0.0118752,0.085295
665,1.21695,0.0092473,0.083733
665,1.20035,0.0120093,0.085528
665,1.11904,0.00966824,0.084917
665,1.18994,0.0104725,0.086044
665,1.2291,0.0112829,0.084554
665,1.25921,0.0125944,0.083883
665,1.25955,0.0147096,0.085535
665,1.20097,0.00859279,0.085684
665,1.14632,0.0101525,0.085868
665,1.15919,0.00955096,0.086508
665,1.22746,0.0101016,0.087335
665,1.17708,0.0104676,0.088284
665,1.11971,0.00904692,0.087684
665,1.26581,0.00857283,0.086429
665,1.2789,0.0162066,0.087093
665,1.21367,0.0113329,0.087983
665,1.13089,0.0095316,0.088965
666,1.22907,0.0105257,0.09325
666,1.16887,0.00956668,0.087095
666,1.14153,0.00903802,0.09036
666,1.11711,0.0123242,0.088485
666,1.23786,0.0102756,0.087539
666,1.16336,0.00954732,0.086147
666,1.30839,0.0100894,0.087861
666,1.18374,0.0128428,0.088865
666,1.1569,0.013425,0.090211
666,1.17658,0.0144961,0.08783
666,1.24129,0.0117648,0.085332
666,1.25847,0.0156414,0.087989
666,1.23947,0.0128615,0.084675
666,1.20086,0.011781,0.085166
666,1.20767,0.0115674,0.086038
666,1.24576,0.0095713,0.084781
666,1.23367,0.0085467,0.084046
666,1.27337,0.0125513,0.085836
666,1.21207,0.00955991,0.085935
666,1.21225,0.011485,0.092987
667,1.11379,0.0107642,0.099365
667,1.11526,0.00893707,0.088536
667,1.16753,0.0144616,0.087205
667,1.18616,0.0126363,0.08654
667,1.21084,0.0117014,0.090363
667,1.21927,0.0144747,0.087295
667,1.16368,0.00942801,0.088988
667,1.23716,0.0117409,0.087078
667,1.23275,0.00887954,0.086931
667,1.1701,0.00887607,0.088185
667,1.19482,0.00874602,0.08759
667,1.1858,0.0100037,0.08544
667,1.21947,0.00876205,0.084986
667,1.23765,0.0102916,0.085174
667,1.17882,0.0123814,0.085998
667,1.12404,0.00830913,0.084012
667,1.17141,0.0100076,0.083785
667,1.17055,0.00852767,0.08367
667,1.27827,0.00848177,0.084241
667,1.28538,0.0114088,0.085038
668,1.21126,0.012973,0.089658
668,1.33409,0.0114033,0.083408
668,1.21076,0.0121876,0.084557
668,1.25761,0.0126532,0.083752
668,1.14056,0.0134338,0.085291
668,1.22782,0.00995238,0.085363
668,1.16533,0.0123745,0.087365
668,1.11812,0.0111018,0.086748
668,1.19032,0.0114227,0.087007
668,1.22539,0.00894213,0.088554
668,1.12823,0.00774835,0.086953
668,1.20025,0.00961777,0.087401
668,1.17537,0.00936807,0.088761
668,1.18608,0.0101667,0.087378
668,1.19572,0.0103897,0.089391
668,1.21384,0.0150231,0.090044
668,1.17545,0.011524,0.087524
668,1.28011,0.00849102,0.086744
668,1.14259,0.0115627,0.084698
668,1.25262,0.0139497,0.086219
669,1.18932,0.00921183,0.092716
669,1.15322,0.0113477,0.084738
669,1.27613,0.00936141,0.085643
669,1.22293,0.0104076,0.086039
669,1.24257,0.013167,0.0855
669,1.21354,0.00999825,0.086475
669,1.20216,0.0125064,0.088295
669,1.17059,0.00922897,0.085762
669,1.25237,0.00971215,0.084962
669,1.17601,0.0120018,0.086413
669,1.18704,0.00900408,0.085288
669,1.11946,0.012219,0.084425
669,1.26027,0.00988818,0.087985
669,1.18458,0.00909725,0.091055
669,1.14273,0.00799862,0.089597
669,1.19475,0.00791662,0.088299
669,1.18288,0.0108838,0.090859
669,1.19603,0.0123746,0.092423
669,1.19014,0.0147112,0.091556
669,1.16509,0.00834109,0.091375
670,1.19218,0.00965373,0.129055
670,1.27775,0.0106411,0.102384
670,1.26885,0.0102302,0.092346
670,1.16043,0.0111241,0.091317
670,1.19227,0.0109763,0.087136
670,1.26557,0.0120149,0.088549
670,1.24236,0.0120411,0.086268
670,1.23833,0.0106125,0.087902
670,1.21523,0.00884576,0.085849
670,1.25414,0.00936751,0.085601
670,1.15721,0.0119421,0.085892
670,1.20755,0.0097985,0.08572
670,1.1739,0.00775644,0.086171
670,1.26039,0.0111865,0.085773
670,1.17649,0.00844939,0.084468
670,1.20337,0.0133514,0.085655
670,1.22461,0.0118577,0.085322
670,1.09351,0.00764045,0.086139
670,1.21467,0.0114998,0.088266
670,1.20841,0.0132168,0.087237
671,1.25156,0.013323,0.093712
671,1.19023,0.0122517,0.089227
671,1.18605,0.0124838,0.092095
671,1.24694,0.0131149,0.091038
671,1.14301,0.00824898,0.089094
671,1.22667,0.00880302,0.089769
671,1.25517,0.011194,0.090957
671,1.21562,0.00929742,0.091933
671,1.20044,0.0123578,0.093017
671,1.23281,0.0096368,0.100553
671,1.16129,0.0123105,0.087223
671,1.27636,0.0107736,0.087619
671,1.28809,0.0121943,0.085995
671,1.30913,0.00999318,0.086
671,1.19835,0.00941488,0.086445
671,1.18202,0.00938216,0.085002
671,1.2108,0.00948226,0.085106
671,1.15667,0.00957409,0.085648
671,1.17103,0.00967458,0.097297
671,1.30289,0.0105505,0.086527
672,1.20753,0.00978176,0.095086
672,1.19592,0.0112327,0.088033
672,1.21471,0.0117675,0.088649
672,1.23816,0.0110336,0.087578
672,1.24561,0.0100436,0.088152
672,1.17548,0.00820043,0.088841
672,1.18721,0.00828747,0.090206
672,1.21585,0.0113005,0.089876
672,1.26222,0.00952154,0.089775
672,1.23358,0.0102076,0.089476
672,1.12586,0.0101706,0.090243
672,1.18037,0.00936956,0.090772
672,1.1966,0.0150218,0.092269
672,1.23304,0.00982387,0.089393
672,1.25248,0.00889716,0.089328
672,1.28389,0.0111795,0.089216
672,1.17511,0.00915742,0.088071
672,1.23399,0.0119639,0.08575
672,1.17964,0.0107631,0.085773
672,1.28419,0.0109601,0.085982
673,1.23522,0.0120906,0.093605
673,1.1172,0.00845785,0.098173
673,1.23893,0.00954888,0.096387
673,1.22974,0.00896077,0.088278
673,1.13443,0.00856376,0.086507
673,1.17195,0.00732594,0.087309
673,1.2072,0.0202331,0.087725
673,1.24304,0.0113386,0.088309
673,1.15589,0.0101042,0.087697
673,1.32361,0.0104394,0.087528
673,1.23645,0.0132751,0.091072
673,1.18736,0.00965862,0.0903
673,1.2963,0.0132951,0.091017
673,1.23498,0.0123652,0.091079
673,1.23489,0.00797164,0.090094
673,1.256,0.011095,0.09293
673,1.17069,0.0106598,0.091623
673,1.18158,0.00915675,0.091984
673,1.16896,0.0133106,0.089757
673,1.23928,0.0105935,0.0903
674,1.29079,0.0109855,0.097844
674,1.14079,0.00909935,0.089408
674,1.17281,0.00851505,0.087382
674,1.15362,0.00866444,0.087211
674,1.21839,0.00982141,0.088667
674,1.18718,0.0105798,0.088248
674,1.14851,0.0127767,0.086259
674,1.21236,0.0102451,0.0859
674,1.22825,0.0120755,0.08802
674,1.20056,0.00912415,0.088865
674,1.19156,0.00982847,0.089003
674,1.20753,0.00798168,0.087031
674,1.24857,0.0114135,0.086675
674,1.18653,0.00747306,0.086615
674,1.16044,0.0115784,0.089283
674,1.2142,0.00926059,0.088141
674,1.23217,0.0176686,0.088903
674,1.19425,0.00971605,0.089161
674,1.23531,0.0103149,0.090569
674,1.16232,0.00891429,0.093402
675,1.13632,0.0127867,0.097651
675,1.25317,0.0122163,0.090045
675,1.16356,0.0136595,0.089721
675,1.13715,0.011568,0.088899
675,1.15345,0.00824882,0.09299
675,1.1818,0.00874328,0.0901
675,1.20138,0.0093942,0.089088
675,1.23639,0.0108937,0.089678
675,1.23193,0.00972953,0.086941
675,1.15301,0.00840723,0.088715
675,1.24275,0.00901105,0.088164
675,1.14199,0.00871426,0.087324
675,1.20092,0.0131668,0.086724
675,1.23718,0.00996922,0.09163
675,1.22035,0.00986414,0.089204
675,1.20823,0.00917274,0.087354
675,1.23031,0.0127433,0.086969
675,1.18402,0.00887642,0.087176
675,1.28062,0.0108801,0.08882
675,1.14016,0.00818226,0.088208
676,1.1993,0.014035,0.093044
676,1.12872,0.0121909,0.090472
676,1.22413,0.0133582,0.090469
676,1.14778,0.00906661,0.092678
676,1.25975,0.00935864,0.090973
676,1.21967,0.00899775,0.089262
676,1.21917,0.00974443,0.091191
676,1.19323,0.00845937,0.090094
676,1.2558,0.011105,0.091259
676,1.16922,0.00979187,0.091143
676,1.22568,0.0147866,0.090745
676,1.17636,0.00963538,0.090642
676,1.18892,0.0152841,0.092736
676,1.27802,0.012452,0.092747
676,1.17791,0.0152716,0.087357
676,1.19866,0.00961776,0.087227
676,1.22213,0.0116021,0.088166
676,1.14842,0.0163198,0.089669
676,1.22757,0.0095348,0.089242
676,1.16007,0.00772224,0.087561
677,1.15118,0.00838982,0.095223
677,1.2285,0.0180329,0.090529
677,1.2156,0.00863681,0.090413
677,1.13055,0.00830408,0.087916
677,1.24665,0.00899148,0.088128
677,1.23525,0.0101219,0.08842
677,1.16977,0.0104049,0.08978
677,1.18374,0.0114787,0.091098
677,1.16371,0.00967548,0.091797
677,1.14861,0.0129208,0.090719
677,1.24301,0.013672,0.090575
677,1.18429,0.0109437,0.092208
677,1.26044,0.0105982,0.091922
677,1.17161,0.0117241,0.091718
677,1.17147,0.0104572,0.090925
677,1.16417,0.0149334,0.090492
677,1.20326,0.0077154,0.091021
677,1.24856,0.00930277,0.090411
677,1.22812,0.0101992,0.090787
677,1.21744,0.0104108,0.092389
678,1.28463,0.0107251,0.09512
678,1.23002,0.0119889,0.089803
678,1.18149,0.0110862,0.088594
678,1.18766,0.00964993,0.088143
678,1.23766,0.00998274,0.087409
678,1.24475,0.010791,0.087612
678,1.24142,0.00888691,0.089614
678,1.19469,0.0101407,0.087954
678,1.13897,0.0092457,0.088623
678,1.14064,0.0113267,0.087981
678,1.26812,0.011569,0.089747
678,1.17941,0.0152411,0.091218
678,1.26138,0.0100398,0.097069
678,1.17816,0.0100172,0.095529
678,1.28521,0.0160731,0.09558
678,1.28273,0.00933989,0.101356
678,1.16753,0.0087915,0.095147
678,1.20849,0.00756123,0.094391
678,1.30136,0.012631,0.092018
678,1.2787,0.0117,0.090251
679,1.20875,0.0104497,0.098741
679,1.22905,0.0101135,0.091035
679,1.22864,0.0160483,0.090943
679,1.23692,0.00982376,0.090227
679,1.23136,0.0106497,0.091387
679,1.19717,0.00951155,0.090456
679,1.19033,0.00991378,0.087378
679,1.17646,0.00918052,0.088814
679,1.15284,0.00917847,0.087622
679,1.2937,0.0111996,0.08917
679,1.2579,0.0088072,0.08864
679,1.24419,0.0101024,0.088999
679,1.19895,0.0111345,0.088749
679,1.17395,0.00944873,0.089622
679,1.19636,0.0118056,0.090582
679,1.21809,0.0103987,0.0904
679,1.19648,0.0113107,0.088136
679,1.11844,0.00867473,0.088475
679,1.15739,0.0105304,0.088384
679,1.1942,0.0115713,0.092629
680,1.20625,0.0127551,0.130769
680,1.2301,0.0110751,0.100128
680,1.12784,0.0104984,0.091672
680,1.25411,0.00920443,0.094234
680,1.16663,0.0117406,0.093757
680,1.19512,0.00955163,0.092934
680,1.21363,0.0128588,0.092826
680,1.11566,0.00791341,0.095542
680,1.11121,0.0104431,0.101542
680,1.18646,0.0092913,0.095109
680,1.21567,0.0117139,0.091134
680,1.34023,0.00998056,0.090408
680,1.16088,0.0100392,0.091663
680,1.23741,0.0120246,0.090232
680,1.21602,0.0113933,0.08844
680,1.2711,0.0131231,0.087867
680,1.2309,0.0093703,0.090423
680,1.18382,0.0092929,0.093305
680,1.16136,0.0101312,0.090119
680,1.18344,0.00995991,0.089232
681,1.14384,0.012751,0.095221
681,1.24746,0.00859785,0.090266
681,1.21675,0.00976106,0.090428
681,1.21814,0.00990677,0.089531
681,1.27935,0.0120126,0.091947
681,1.14313,0.0097206,0.092129
681,1.14116,0.0108026,0.092449
681,1.23473,0.0109515,0.092691
681,1.2266,0.00940528,0.091819
681,1.19151,0.0105152,0.094684
681,1.20689,0.012112,0.093638
681,1.1656,0.0110182,0.095281
681,1.19558,0.0111614,0.092298
681,1.08725,0.00891316,0.090861
681,1.23921,0.0106527,0.091838
681,1.16636,0.00826481,0.091762
681,1.23435,0.00927235,0.090444
681,1.26141,0.00961221,0.09079
681,1.20628,0.0132139,0.091875
681,1.21736,0.00984688,0.088342
682,1.23479,0.00928463,0.094792
682,1.17682,0.00949437,0.097037
682,1.18829,0.0115912,0.107535
682,1.20696,0.0121994,0.094208
682,1.27934,0.00976103,0.089296
682,1.29517,0.0142466,0.090404
682,1.18818,0.00961242,0.089121
682,1.20721,0.0121195,0.08758
682,1.22533,0.0120312,0.093782
682,1.14963,0.00825756,0.094424
682,1.20123,0.00905926,0.095834
682,1.19064,0.0105893,0.094617
682,1.21761,0.00972234,0.094379
682,1.2389,0.0109303,0.092873
682,1.20342,0.0105381,0.093568
682,1.20584,0.0124453,0.093462
682,1.21575,0.0118213,0.0928
682,1.14428,0.00981991,0.094051
682,1.26666,0.00971383,0.091436
682,1.19626,0.00986461,0.093245
683,1.20699,0.0122066,0.097948
683,1.21836,0.0125479,0.089534
683,1.24442,0.0168552,0.089066
683,1.25438,0.00893016,0.089142
683,1.16434,0.00926363,0.089596
683,1.15514,0.0123923,0.089366
683,1.25311,0.0119443,0.090273
683,1.25875,0.00889539,0.090962
683,1.18134,0.00962537,0.092712
683,1.22603,0.0103157,0.093244
683,1.18941,0.0137965,0.092457
683,1.26715,0.0128609,0.092784
683,1.23904,0.0124751,0.092909
683,1.13767,0.010892,0.093648
683,1.11274,0.0082744,0.093969
683,1.19351,0.0108325,0.09459
683,1.26268,0.0100813,0.093805
683,1.19397,0.00932057,0.094869
683,1.20821,0.00737651,0.093603
683,1.25102,0.00950326,0.094333
684,1.2881,0.0125336,0.098389
684,1.18155,0.00818603,0.096172
684,1.16856,0.0074727,0.093531
684,1.12185,0.00872844,0.094021
684,1.24537,0.0111795,0.092565
684,1.26132,0.00985041,0.09309
684,1.21779,0.00978837,0.091248
684,1.29434,0.00961527,0.091858
684,1.20628,0.00875416,0.090501
684,1.16246,0.0111282,0.089361
684,1.27805,0.0104205,0.090125
684,1.15398,0.00917274,0.091407
684,1.2342,0.00887868,0.094646
684,1.22035,0.00998249,0.09185
684,1.18885,0.00995073,0.089829
684,1.25658,0.00897905,0.090237
684,1.08397,0.0100797,0.093315
684,1.26069,0.0123824,0.096151
684,1.1911,0.00963433,0.094373
684,1.24498,0.00820818,0.092853
685,1.28764,0.00931099,0.100082
685,1.23513,0.00803124,0.095013
685,1.15211,0.0120006,0.09353
685,1.21119,0.0104491,0.094058
685,1.27949,0.0090431,0.098999
685,1.20209,0.0115603,0.102401
685,1.22391,0.00902763,0.099299
685,1.17045,0.0079259,0.098404
685,1.15273,0.00857104,0.095831
685,1.21229,0.00848303,0.09603
685,1.26556,0.0102679,0.09649
685,1.1766,0.0135353,0.095176
685,1.22586,0.0100937,0.097559
685,1.13663,0.00902823,0.096045
685,1.20364,0.00876044,0.095831
685,1.19192,0.00781466,0.090302
685,1.22977,0.0107809,0.099813
685,1.19572,0.0107304,0.093023
685,1.26289,0.00832598,0.091644
685,1.23382,0.0126504,0.092956
686,1.09004,0.00971584,0.096246
686,1.21581,0.00920399,0.090211
686,1.18382,0.00803458,0.092584
686,1.22651,0.0135918,0.101479
686,1.26236,0.0122601,0.097369
686,1.23087,0.0136873,0.09514
686,1.18237,0.00849952,0.09601
686,1.17041,0.00908278,0.096893
686,1.29523,0.0132549,0.097111
686,1.1695,0.00887559,0.096953
686,1.23085,0.00996023,0.095284
686,1.26569,0.0101299,0.096991
686,1.19681,0.0100292,0.0996
686,1.1738,0.0094891,0.097376
686,1.20834,0.0112861,0.096831
686,1.15965,0.0136926,0.096116
686,1.24691,0.0081372,0.092315
686,1.31258,0.00977896,0.093381
686,1.26382,0.0131314,0.092217
686,1.23998,0.0120961,0.091677
687,1.20502,0.0137104,0.098386
687,1.20152,0.0107381,0.096071
687,1.17716,0.00859006,0.093838
687,1.19298,0.0109022,0.097487
687,1.14437,0.00871703,0.095176
687,1.25283,0.00945456,0.095062
687,1.1467,0.00827487,0.094053
687,1.19429,0.0087095,0.092226
687,1.24962,0.013555,0.094155
687,1.2132,0.00913842,0.094283
687,1.18846,0.0100429,0.095048
687,1.24821,0.0107797,0.112818
687,1.30826,0.0127338,0.094399
687,1.13009,0.0086779,0.093301
687,1.15972,0.00694266,0.093138
687,1.20583,0.0104703,0.094524
687,1.18514,0.0110615,0.095041
687,1.2407,0.00925142,0.096331
687,1.17751,0.0090935,0.099333
687,1.20067,0.00994515,0.100252
688,1.2527,0.0139271,0.105917
688,1.2527,0.0167118,0.097402
688,1.25987,0.0107079,0.096842
688,1.15268,0.00674253,0.092915
688,1.1821,0.0162202,0.094109
688,1.17652,0.00909507,0.092019
688,1.19719,0.0104564,0.091757
688,1.1873,0.00950493,0.093107
688,1.19246,0.0101663,0.093396
688,1.20458,0.0101946,0.09228
688,1.1822,0.00998157,0.092171
688,1.27024,0.0101131,0.099565
688,1.16622,0.0104939,0.101693
688,1.20894,0.00926503,0.09891
688,1.14692,0.0103859,0.096203
688,1.08948,0.00960754,0.095307
688,1.19426,0.00893683,0.09399
688,1.10593,0.00802382,0.096188
688,1.35271,0.0109295,0.098305
688,1.11921,0.0107138,0.096972
689,1.23519,0.00925378,0.10963
689,1.18056,0.0104653,0.101213
689,1.22073,0.00951065,0.099904
689,1.1758,0.0114693,0.097548
689,1.2155,0.00854342,0.096826
689,1.16045,0.0114451,0.09727
689,1.22098,0.00941395,0.096582
689,1.25497,0.0104152,0.092951
689,1.26867,0.00877256,0.093905
689,1.1735,0.0079434,0.091226
689,1.20147,0.00955943,0.094204
689,1.21724,0.00879381,0.092456
689,1.24688,0.0106976,0.092487
689,1.30331,0.0096613,0.092334
689,1.13504,0.00923924,0.094797
689,1.17272,0.0097429,0.111949
689,1.12412,0.00984377,0.106061
689,1.18481,0.00987879,0.103411
689,1.18549,0.0119494,0.104685
689,1.11662,0.0173967,0.09893
690,1.19695,0.00817544,0.132987
690,1.19339,0.00851096,0.105923
690,1.22864,0.0104232,0.098556
690,1.19803,0.00792187,0.098483
690,1.17516,0.00809935,0.098428
690,1.15826,0.0101732,0.098056
690,1.22399,0.0103873,0.097718
690,1.17803,0.00981652,0.095617
690,1.18756,0.0106934,0.093472
690,1.18432,0.0107974,0.092633
690,1.2819,0.0107709,0.090691
690,1.19001,0.0109273,0.089224
690,1.164,0.00791318,0.091582
690,1.14519,0.0137914,0.092128
690,1.17393,0.00993942,0.101402
690,1.15785,0.0081593,0.105244
690,1.21448,0.0122316,0.098165
690,1.17546,0.00864719,0.094825
690,1.21552,0.0108433,0.095868
690,1.22138,0.00797023,0.093936
691,1.16657,0.0110502,0.105073
691,1.16189,0.00795318,0.100701
691,1.16848,0.0105406,0.098358
691,1.19083,0.00969388,0.093796
691,1.20319,0.0109402,0.098747
691,1.23609,0.00980946,0.099688
691,1.24584,0.00890138,0.095046
691,1.21877,0.0100824,0.094493
691,1.20594,0.00918221,0.097213
691,1.25785,0.0107958,0.09825
691,1.30328,0.0103014,0.099115
691,1.18465,0.00930303,0.09495
691,1.17457,0.00744499,0.090382
691,1.20147,0.00794921,0.09532
691,1.24586,0.0138007,0.096022
691,1.1987,0.0123864,0.093547
691,1.18397,0.0115937,0.090278
691,1.16628,0.0103386,0.090736
691,1.18299,0.0138956,0.096383
691,1.16375,0.0107121,0.095689
692,1.21556,0.0113323,0.101931
692,1.2137,0.0109092,0.095226
692,1.24229,0.011666,0.096092
692,1.20192,0.0109545,0.094835
692,1.22858,0.0108574,0.095465
692,1.16258,0.0100998,0.094561
692,1.20975,0.0116068,0.096839
692,1.17367,0.00896548,0.095248
692,1.19882,0.0119676,0.09543
692,1.29282,0.00930252,0.100422
692,1.26629,0.013226,0.099878
692,1.21733,0.00938291,0.098575
692,1.24617,0.0105345,0.105387
692,1.12947,0.00822139,0.098933
692,1.12575,0.00742821,0.095228
692,1.30026,0.0124228,0.092299
692,1.14357,0.0109046,0.093354
692,1.22244,0.00851055,0.092657
692,1.15916,0.00941233,0.092117
692,1.19772,0.0115057,0.089745
693,1.23565,0.0127222,0.095806
693,1.16973,0.0110622,0.092336
693,1.24105,0.0123738,0.091756
693,1.23012,0.00862068,0.092993
693,1.24356,0.00920947,0.091159
693,1.26553,0.0117254,0.09121
693,1.16983,0.00748927,0.091834
693,1.23027,0.0101048,0.090629
693,1.20407,0.0101709,0.09248
693,1.22202,0.0126882,0.093608
693,1.16916,0.010847,0.094669
693,1.2451,0.0109823,0.096294
693,1.203,0.0125436,0.095903
693,1.22735,0.0112342,0.094243
693,1.14606,0.0105219,0.096924
693,1.17976,0.0136371,0.095127
693,1.18628,0.00817733,0.095626
693,1.19999,0.00890888,0.097322
693,1.13459,0.00774058,0.096048
693,1.19492,0.0103108,0.093926
694,1.2121,0.0117537,0.098962
694,1.24755,0.0109289,0.090911
694,1.23301,0.00830415,0.095517
694,1.14719,0.0102411,0.097267
694,1.37841,0.00990986,0.096755
694,1.18957,0.00960276,0.095024
694,1.15722,0.00830755,0.091134
694,1.18237,0.0105853,0.090737
694,1.15443,0.00968825,0.0917
694,1.12046,0.00735826,0.093115
694,1.28726,0.0194568,0.093046
694,1.2001,0.00887354,0.094457
694,1.17221,0.00894289,0.097307
694,1.17585,0.00791529,0.099741
694,1.18674,0.0104394,0.100621
694,1.21358,0.0121612,0.098896
694,1.15631,0.0100219,0.096617
694,1.17104,0.00812212,0.098545
694,1.22273,0.0161006,0.097665
694,1.20736,0.0104667,0.097951
695,1.18518,0.0107046,0.103233
695,1.18091,0.00985757,0.098097
695,1.259,0.0116651,0.097762
695,1.18137,0.0107612,0.096152
695,1.1892,0.0110075,0.091058
695,1.14531,0.0117067,0.092064
695,1.16763,0.00975206,0.096548
695,1.10264,0.00927089,0.096925
695,1.25046,0.0114332,0.095641
695,1.22868,0.00936412,0.096644
695,1.13375,0.00873069,0.101965
695,1.27269,0.0103564,0.095698
695,1.19287,0.0120453,0.09066
695,1.15706,0.0147677,0.091072
695,1.2434,0.0108713,0.091209
695,1.1794,0.00948858,0.093056
695,1.16802,0.00980609,0.093767
695,1.23454,0.00883678,0.099289
695,1.24319,0.00880013,0.097818
695,1.22623,0.00874177,0.095912
696,1.15681,0.00941195,0.101872
696,1.2129,0.0147728,0.097916
696,1.24342,0.0101506,0.100237
696,1.2263,0.00818962,0.095712
696,1.20793,0.0102507,0.097111
696,1.21709,0.0115778,0.099413
696,1.10378,0.00861441,0.101807
696,1.14915,0.00697924,0.099715
696,1.23583,0.0112276,0.096763
696,1.09531,0.00972368,0.093243
696,1.23686,0.0140173,0.093431
696,1.24963,0.00843006,0.091643
696,1.23304,0.0136057,0.094341
696,1.19397,0.0090846,0.095067
696,1.29267,0.0111652,0.094674
696,1.20719,0.00842607,0.096175
696,1.24173,0.00831081,0.096632
696,1.24139,0.00953305,0.098048
696,1.23255,0.00845074,0.09462
696,1.19331,0.00934768,0.094213
697,1.22212,0.0142573,0.100382
697,1.22423,0.00987503,0.097473
697,1.14321,0.011392,0.09883
697,1.21179,0.0136449,0.09859
697,1.25223,0.0123281,0.100262
697,1.07516,0.0117148,0.102458
697,1.1843,0.0114388,0.100938
697,1.21048,0.00941255,0.098461
697,1.20032,0.0102169,0.10081
697,1.19118,0.0124677,0.09737
697,1.1975,0.00930288,0.097781
697,1.30107,0.00997412,0.098808
697,1.16887,0.00864735,0.095413
697,1.19526,0.0117483,0.09539
697,1.19462,0.0103853,0.097242
697,1.16851,0.0112756,0.099071
697,1.19354,0.0151411,0.094927
697,1.16495,0.0124346,0.094219
697,1.22968,0.0133299,0.094187
697,1.095,0.00972795,0.094042
698,1.07582,0.0102647,0.10518
698,1.14922,0.0109411,0.099453
698,1.1501,0.00920587,0.099085
698,1.12707,0.00831268,0.094925
698,1.14029,0.0101465,0.095802
698,1.24041,0.0138967,0.096068
698,1.16504,0.0100661,0.096209
698,1.1683,0.00900238,0.109846
698,1.30045,0.00891766,0.102344
698,1.23759,0.0125432,0.100639
698,1.18069,0.0110714,0.097661
698,1.17966,0.0110539,0.100756
698,1.15395,0.00975643,0.102507
698,1.28205,0.0100837,0.10491
698,1.06843,0.0103754,0.104449
698,1.29639,0.0132217,0.099532
698,1.20926,0.00767408,0.094609
698,1.17216,0.0110751,0.095412
698,1.19458,0.00958474,0.094939
698,1.21098,0.00882357,0.095165
699,1.20733,0.00897163,0.133911
699,1.14479,0.00932888,0.104371
699,1.17766,0.00892622,0.101163
699,1.19756,0.012687,0.099333
699,1.24053,0.00822043,0.106842
699,1.14971,0.010055,0.102853
699,1.23401,0.0108384,0.1
699,1.23303,0.00989379,0.100434
699,1.2228,0.00887932,0.113125
699,1.14844,0.0081987,0.104227
699,1.1329,0.00883164,0.102497
699,1.09249,0.00791749,0.099098
699,1.22191,0.0120106,0.101171
699,1.22909,0.0111806,0.097699
699,1.21069,0.00849901,0.099387
699,1.1382,0.00953139,0.100021
699,1.10521,0.00808406,0.10309
699,1.20617,0.00720739,0.101872
699,1.14068,0.0104425,0.097895
699,1.10762,0.0080113,0.095241
700,1.15655,0.00900253,0.102185
700,1.18266,0.0116333,0.095248
700,1.13751,0.0097113,0.097813
700,1.1783,0.00765302,0.100111
700,1.23259,0.00905163,0.10112
700,1.18071,0.0125263,0.097725
700,1.13529,0.0142466,0.094327
700,1.22478,0.0102897,0.094493
700,1.15688,0.00802773,0.096128
700,1.12499,0.0130741,0.098369
700,1.16882,0.0102759,0.100598
700,1.27487,0.0128862,0.099252
700,1.13738,0.00727252,0.099171
700,1.24703,0.00817145,0.101123
700,1.29611,0.0113231,0.104131
700,1.20661,0.00837312,0.101053
700,1.23058,0.0133476,0.099558
700,1.16748,0.010944,0.099188
700,1.15471,0.00883083,0.098059
700,1.23862,0.0139591,0.098036
701,1.2493,0.0123652,0.104527
701,1.14697,0.00844642,0.098411
701,1.16285,0.00988315,0.094326
701,1.19992,0.0133128,0.092638
701,1.23242,0.00964095,0.094261
701,1.20493,0.00807942,0.096666
701,1.25845,0.00884954,0.096246
701,1.18011,0.00917828,0.095542
701,1.17471,0.00869189,0.095423
701,1.18729,0.0149167,0.096225
701,1.24002,0.0104297,0.095154
701,1.12548,0.00983014,0.096299
701,1.1747,0.0110222,0.094371
701,1.16679,0.012207,0.096137
701,1.18846,0.0094002,0.094827
701,1.12945,0.00883666,0.097759
701,1.19689,0.00901607,0.098295
701,1.17624,0.0115206,0.100435
701,1.16155,0.0096901,0.0972
701,1.18514,0.00876391,0.097394
702,1.17259,0.0092716,0.105284
702,1.2007,0.00930867,0.100122
702,1.23769,0.00860766,0.097866
702,1.20552,0.0100694,0.098336
702,1.1837,0.0111371,0.099312
702,1.23523,0.0117183,0.10041
702,1.20483,0.00907559,0.096163
702,1.26248,0.00934649,0.094653
702,1.19794,0.0100518,0.094486
702,1.14526,0.0120973,0.095795
702,1.11821,0.0133461,0.09779
702,1.17475,0.013414,0.095065
702,1.16479,0.00859332,0.094159
702,1.18092,0.00972179,0.094878
702,1.14607,0.0105713,0.095573
702,1.25939,0.00816323,0.094801
702,1.24056,0.00929835,0.094457
702,1.21215,0.0115942,0.099412
702,1.16307,0.00737012,0.100352
702,1.19863,0.0121009,0.105327
703,1.18033,0.00816287,0.108606
703,1.22795,0.0098835,0.109456
703,1.21617,0.00951606,0.099744
703,1.31294,0.00926992,0.098405
703,1.17672,0.00923747,0.097768
703,1.17778,0.0101795,0.099332
703,1.29398,0.0130656,0.098879
703,1.17148,0.00881197,0.097377
703,1.1539,0.00916271,0.099109
703,1.21327,0.0114648,0.100172
703,1.28006,0.0103241,0.099261
703,1.28451,0.0117661,0.099717
703,1.21219,0.00793308,0.103239
703,1.20385,0.0101563,0.105304
703,1.18463,0.0101649,0.09985
703,1.21169,0.0102375,0.096799
703,1.1858,0.00928752,0.094966
703,1.2187,0.00968747,0.095944
703,1.22231,0.00934235,0.095926
703,1.16708,0.00935537,0.094308
704,1.14783,0.008936,0.104827
704,1.19465,0.016055,0.093641
704,1.16269,0.0150217,0.098159
704,1.1853,0.00979554,0.099573
704,1.19605,0.0127404,0.097786
704,1.16418,0.00921574,0.098786
704,1.23441,0.00967926,0.099271
704,1.17308,0.0138166,0.099091
704,1.22818,0.0114664,0.100696
704,1.22048,0.0108292,0.098971
704,1.21301,0.00938893,0.100211
704,1.24315,0.00695662,0.098662
704,1.21776,0.00811078,0.097825
704,1.18757,0.0100592,0.095586
704,1.23257,0.00927636,0.094612
704,1.1828,0.00891549,0.09347
704,1.09905,0.00939464,0.093612
704,1.25208,0.0108341,0.093849
704,1.10909,0.0109944,0.095477
704,1.19416,0.00859793,0.093454
705,1.12012,0.0101744,0.100698
705,1.14112,0.00896917,0.09764
705,1.24887,0.00854214,0.096448
705,1.18822,0.0118299,0.094474
705,1.16181,0.008234,0.094124
705,1.25951,0.00904694,0.094618
705,1.28285,0.0111186,0.098739
705,1.24983,0.0093535,0.099287
705,1.17552,0.010417,0.09944
705,1.2805,0.00975842,0.09909
705,1.2117,0.0132761,0.100883
705,1.19818,0.0128965,0.100276
705,1.15539,0.0125637,0.100709
705,1.18603,0.00964616,0.100807
705,1.17696,0.010113,0.104191
705,1.20713,0.00809889,0.105661
705,1.17432,0.0116975,0.104027
705,1.17123,0.00800609,0.103708
705,1.17037,0.0103587,0.104676
705,1.21336,0.00786625,0.103324
706,1.24388,0.0101744,0.107099
706,1.2318,0.0122697,0.101639
706,1.25563,0.00912011,0.096179
706,1.19537,0.00973236,0.094984
706,1.20473,0.00802988,0.095728
706,1.19862,0.00915605,0.101761
706,1.2112,0.0117329,0.103686
706,1.21347,0.0114878,0.101783
706,1.17145,0.00893463,0.096105
706,1.26403,0.00891085,0.097278
706,1.16825,0.00896579,0.09939
706,1.21357,0.00966774,0.098232
706,1.17634,0.0109199,0.102043
706,1.1467,0.00910286,0.100711
706,1.2348,0.0109468,0.100742
706,1.23376,0.0106968,0.099044
706,1.25081,0.0079831,0.099784
706,1.20873,0.0101248,0.099492
706,1.16679,0.0108586,0.101481
706,1.15671,0.00808431,0.098785
707,1.19834,0.0090035,0.104841
707,1.12282,0.00852218,0.097136
707,1.22382,0.0090733,0.099564
707,1.21449,0.00880459,0.099592
707,1.18304,0.00956869,0.095985
707,1.14423,0.00814545,0.098141
707,1.19842,0.00799066,0.100571
707,1.16245,0.00973939,0.098565
707,1.21198,0.0115346,0.096167
707,1.24113,0.0124823,0.09624
707,1.18959,0.00966344,0.09806
707,1.2207,0.00882644,0.114593
707,1.15854,0.00932128,0.098986
707,1.18105,0.00995703,0.099166
707,1.179,0.00900644,0.101556
707,1.24739,0.0107422,0.100604
707,1.22648,0.0100472,0.103889
707,1.15005,0.0124109,0.102058
707,1.20068,0.0110692,0.103126
707,1.25463,0.0113575,0.102324
708,1.18464,0.00812506,0.14433
708,1.16286,0.00820744,0.109652
708,1.20296,0.0106314,0.102863
708,1.11825,0.00726422,0.099285
708,1.13611,0.0116541,0.099932
708,1.29364,0.0100038,0.098209
708,1.26766,0.010016,0.098017
708,1.10569,0.00991528,0.098965
708,1.22965,0.0120954,0.097745
708,1.133,0.00676467,0.098176
708,1.25968,0.00821764,0.102798
708,1.1839,0.0101717,0.099589
708,1.2051,0.0102089,0.100328
708,1.13246,0.0106846,0.102404
708,1.24845,0.00826338,0.101502
708,1.11079,0.0102051,0.10275
708,1.10875,0.00914393,0.101898
708,1.14186,0.00916979,0.102468
708,1.24981,0.0102251,0.101748
708,1.13361,0.00773978,0.100277
709,1.17629,0.0087794,0.106352
709,1.1247,0.00898257,0.102532
709,1.17748,0.00829264,0.101056
709,1.21345,0.011914,0.10099
709,1.24088,0.00973326,0.099882
709,1.24174,0.00952049,0.100388
709,1.1772,0.0112074,0.100301
709,1.22379,0.0117246,0.099017
709,1.22972,0.00761441,0.099305
709,1.13735,0.0096533,0.099198
709,1.20123,0.0155077,0.099985
709,1.1801,0.0112728,0.096701
709,1.19012,0.0145529,0.094689
709,1.18696,0.0089344,0.098846
709,1.18962,0.0117627,0.099985
709,1.15575,0.00785693,0.097105
709,1.22861,0.0086586,0.095941
709,1.23125,0.012146,0.102432
709,1.23062,0.00786172,0.100098
709,1.26155,0.00971472,0.103015
710,1.14539,0.010748,0.108055
710,1.16371,0.0101466,0.102193
710,1.22609,0.00981011,0.101399
710,1.24511,0.012711,0.099953
710,1.2277,0.0123952,0.101271
710,1.23138,0.0094652,0.104523
710,1.24295,0.01368,0.103912
710,1.16852,0.0103612,0.101763
710,1.19996,0.00790771,0.100972
710,1.26578,0.0122288,0.099411
710,1.19837,0.00876662,0.097355
710,1.18547,0.0109571,0.097516
710,1.25364,0.0091073,0.096896
710,1.21322,0.00794257,0.097163
710,1.14697,0.00999559,0.102203
710,1.15515,0.0128502,0.103181
710,1.16743,0.0102291,0.100536
710,1.12483,0.00718438,0.103759
710,1.18347,0.00822291,0.10246
710,1.18425,0.00918404,0.101223
711,1.22766,0.0108903,0.103476
711,1.2253,0.0083002,0.101845
711,1.19609,0.0097791,0.104016
711,1.17807,0.00841957,0.108771
711,1.18839,0.00878477,0.104898
711,1.22247,0.0105921,0.105525
711,1.25747,0.00887283,0.105409
711,1.17538,0.0108183,0.103848
711,1.13431,0.00798604,0.101653
711,1.21934,0.0131777,0.103872
711,1.13995,0.0101573,0.100937
711,1.23968,0.0121259,0.101383
711,1.27933,0.00888876,0.098217
711,1.15839,0.0102494,0.099042
711,1.26471,0.0113504,0.096016
711,1.26604,0.00820796,0.097035
711,1.19775,0.0110192,0.095757
711,1.24356,0.0105488,0.101697
711,1.29157,0.00817496,0.096697
711,1.18166,0.0111379,0.096942
712,1.18651,0.0128265,0.102555
712,1.22026,0.00982145,0.100447
712,1.21702,0.00896718,0.09647
712,1.19406,0.00925821,0.098019
712,1.24355,0.0105841,0.09963
712,1.21224,0.0105255,0.100466
712,1.18583,0.00985707,0.10027
712,1.23303,0.00787987,0.102899
712,1.20187,0.0103507,0.100428
712,1.21418,0.0106303,0.101961
712,1.16387,0.00957706,0.100721
712,1.19528,0.00890419,0.105917
712,1.22392,0.00900169,0.107208
712,1.2109,0.0105837,0.104293
712,1.12344,0.00935803,0.104678
712,1.16473,0.0135149,0.099858
712,1.15157,0.00747503,0.096827
712,1.28017,0.00886577,0.099226
712,1.17664,0.00869007,0.100555
712,1.1797,0.0104926,0.097079
713,1.25668,0.00904236,0.106213
713,1.12961,0.0111294,0.102728
713,1.18712,0.0116645,0.100947
713,1.26696,0.00889677,0.100711
713,1.10289,0.00879616,0.123397
713,1.15414,0.010185,0.121968
713,1.18835,0.010035,0.114939
713,1.13442,0.0116104,0.113339
713,1.28831,0.00751498,0.112874
713,1.14714,0.00819304,0.109528
713,1.18817,0.00834545,0.111006
713,1.21978,0.0101189,0.114626
713,1.16473,0.00889554,0.111003
713,1.22798,0.00839811,0.111485
713,1.19583,0.00920469,0.112377
713,1.25836,0.0123223,0.11104
713,1.21877,0.0137417,0.11755
713,1.19777,0.00847613,0.143076
713,1.17549,0.00794356,0.126617
713,1.15158,0.0074357,0.116819
714,1.18455,0.0104979,0.12037
714,1.22101,0.0109708,0.108971
714,1.16959,0.00833082,0.106376
714,1.19237,0.0124771,0.106335
714,1.25005,0.0111169,0.105395
714,1.19923,0.0111531,0.107691
714,1.28571,0.00939166,0.108271
714,1.24021,0.00829921,0.109047
714,1.21317,0.00778594,0.111223
714,1.23348,0.0126221,0.112658
714,1.23767,0.0125865,0.109952
714,1.17765,0.00898218,0.11096
714,1.27806,0.0100249,0.110162
714,1.25304,0.010349,0.109856
714,1.17656,0.00890785,0.107989
714,1.2324,0.0133023,0.110352
714,1.11981,0.00819872,0.113196
714,1.24251,0.0105392,0.110469
714,1.13934,0.00741673,0.105354
714,1.21026,0.00945903,0.106584
715,1.16498,0.011262,0.112324
715,1.18804,0.0100093,0.11378
715,1.19148,0.0175894,0.111273
715,1.18378,0.0101392,0.115877
715,1.24747,0.013234,0.101232
715,1.14372,0.008521,0.100508
715,1.25221,0.0110321,0.100373
715,1.18494,0.00921079,0.103113
715,1.14495,0.00817549,0.121384
715,1.19082,0.0117666,0.103212
715,1.27557,0.0110715,0.102084
715,1.2316,0.00982596,0.105806
715,1.1357,0.00964583,0.106957
715,1.16152,0.00905056,0.113969
715,1.14417,0.0114932,0.10958
715,1.2539,0.015974,0.103177
715,1.22053,0.00757092,0.100699
715,1.19416,0.0110298,0.103929
715,1.23259,0.0104907,0.105735
715,1.21904,0.0104933,0.103096
716,1.25161,0.0096253,0.143603
716,1.1774,0.0102327,0.104734
716,1.17716,0.0115438,0.100439
716,1.1491,0.00878935,0.097915
716,1.16732,0.0111312,0.098041
716,1.22174,0.0116661,0.098352
716,1.21066,0.00885958,0.103319
716,1.22548,0.00762645,0.099687
716,1.19656,0.00966573,0.107585
716,1.23708,0.00863531,0.098422
716,1.23047,0.00993032,0.100423
716,1.17878,0.0082512,0.101154
716,1.31148,0.00854422,0.103256
716,1.11749,0.00948041,0.102265
716,1.29349,0.00998907,0.103646
716,1.21674,0.0081151,0.100933
716,1.15929,0.00756509,0.107567
716,1.19033,0.00899574,0.101273
716,1.27452,0.0115944,0.102104
716,1.19437,0.00747309,0.101245
717,1.21382,0.0084062,0.107333
717,1.19738,0.0113997,0.100517
717,1.25145,0.0107575,0.100464
717,1.22048,0.00949781,0.099882
717,1.19722,0.00836836,0.101581
717,1.15805,0.00816693,0.107287
717,1.23448,0.00994829,0.105831
717,1.26286,0.0142948,0.104696
717,1.19844,0.00942547,0.100527
717,1.13661,0.00849764,0.100022
717,1.16167,0.00890422,0.098661
717,1.25654,0.00914308,0.098235
717,1.17043,0.0068137,0.105858
717,1.21976,0.00958845,0.108058
717,1.26251,0.00934715,0.108221
717,1.20653,0.00834158,0.10593
717,1.24218,0.0102277,0.102845
717,1.17652,0.00891335,0.10311
717,1.2437,0.011641,0.101841
717,1.22586,0.0103239,0.106609
718,1.12013,0.00917231,0.114569
718,1.24172,0.0102584,0.107018
718,1.25945,0.0105905,0.100919
718,1.15255,0.0100086,0.099907
718,1.2802,0.00896596,0.096442
718,1.19039,0.00927463,0.098327
718,1.17051,0.00922431,0.098265
718,1.29207,0.00855409,0.10214
718,1.18237,0.0133003,0.105292
718,1.16923,0.0115608,0.104802
718,1.21964,0.00746241,0.110168
718,1.16514,0.00858278,0.100512
718,1.20681,0.00873953,0.096716
718,1.12594,0.00852401,0.098725
718,1.15835,0.00907058,0.0983
718,1.20842,0.00950485,0.104349
718,1.28862,0.00776731,0.102175
718,1.20745,0.0111974,0.10511
718,1.16207,0.00814224,0.106182
718,1.21561,0.0103239,0.105171
719,1.26869,0.008518,0.111467
719,1.14966,0.0136426,0.103084
719,1.22495,0.00909232,0.100666
719,1.15866,0.0108688,0.10151
719,1.19004,0.01033,0.102011
719,1.22115,0.0105575,0.102503
719,1.21777,0.0103045,0.105887
719,1.21426,0.0088057,0.1015
719,1.20975,0.0116924,0.1004
719,1.14882,0.0114672,0.097823
719,1.10262,0.0129793,0.097085
719,1.32873,0.0105944,0.097437
719,1.28544,0.0107788,0.099144
719,1.22152,0.0135058,0.099697
719,1.16531,0.00867523,0.099021
719,1.16404,0.0079473,0.103389
719,1.17586,0.00873331,0.104768
719,1.17713,0.00903662,0.111484
719,1.19531,0.00997612,0.103466
719,1.15457,0.0110057,0.102021
720,1.21045,0.00828064,0.111871
720,1.24908,0.0126694,0.108549
720,1.22591,0.00877455,0.101008
720,1.21675,0.0108077,0.103439
720,1.2069,0.00863106,0.107026
720,1.19344,0.0118485,0.104522
720,1.2051,0.0113943,0.105286
720,1.19164,0.010018,0.105798
720,1.16685,0.0114682,0.104488
720,1.22276,0.0111041,0.102853
720,1.2649,0.0100566,0.098936
720,1.22267,0.00995869,0.098585
720,1.20766,0.00973861,0.100261
720,1.23496,0.0105837,0.098865
720,1.20068,0.00767808,0.09924
720,1.14203,0.0068275,0.102834
720,1.24801,0.00999607,0.105947
720,1.30091,0.00891806,0.10285
720,1.20358,0.0105456,0.098835
720,1.19907,0.0100191,0.098484
721,1.09899,0.00820478,0.107297
721,1.07265,0.0111175,0.102281
721,1.23627,0.0112381,0.101856
721,1.20804,0.0109628,0.103277
721,1.19442,0.00732073,0.103805
721,1.25356,0.00980724,0.102647
721,1.17795,0.00879847,0.106402
721,1.08791,0.00953202,0.106645
721,1.26906,0.0104126,0.10597
721,1.19971,0.0102155,0.104378
721,1.13412,0.00864476,0.103119
721,1.25558,0.00908899,0.101961
721,1.13454,0.0079721,0.101842
721,1.15134,0.0144823,0.100751
721,1.17486,0.0080252,0.09956
721,1.22651,0.00993303,0.100622
721,1.28432,0.011774,0.09931
721,1.18011,0.00992415,0.09835
721,1.13837,0.00788292,0.097598
721,1.14519,0.00899763,0.112822
722,1.20224,0.0109364,0.120184
722,1.23658,0.00932961,0.107605
722,1.11498,0.00802332,0.102204
722,1.20454,0.00975962,0.104491
722,1.18603,0.0101672,0.10389
722,1.18158,0.0109988,0.10414
722,1.15539,0.0103409,0.106916
722,1.17124,0.0082841,0.108922
722,1.15565,0.00662812,0.103761
722,1.20279,0.0109666,0.103591
722,1.31089,0.00897177,0.106817
722,1.27586,0.00962605,0.106902
722,1.20697,0.0122019,0.105361
722,1.18561,0.0100967,0.104887
722,1.22863,0.0098109,0.104848
722,1.12809,0.0102557,0.101508
722,1.18254,0.0109658,0.101196
722,1.26056,0.0106308,0.101927
722,1.20172,0.00856051,0.102318
722,1.27787,0.0093277,0.10675
723,1.16754,0.0110512,0.111514
723,1.23841,0.00879405,0.10371
723,1.21829,0.00872455,0.10296
723,1.264,0.0111722,0.100384
723,1.2093,0.0111883,0.09968
723,1.13986,0.00867829,0.101139
723,1.29839,0.01073,0.112296
723,1.19648,0.00877239,0.124987
723,1.22452,0.00863086,0.105733
723,1.30289,0.0109554,0.105054
723,1.23353,0.0115861,0.104865
723,1.22229,0.0113755,0.108264
723,1.16392,0.00905145,0.108903
723,1.28045,0.0145146,0.105462
723,1.13034,0.0119733,0.103809
723,1.18701,0.0115524,0.104067
723,1.14239,0.0096632,0.104828
723,1.19528,0.00959039,0.105769
723,1.12353,0.0103277,0.102781
723,1.22013,0.0158004,0.103257
724,1.16877,0.014698,0.150203
724,1.15917,0.00700341,0.108086
724,1.28478,0.00834479,0.103776
724,1.19503,0.0131707,0.102176
724,1.23267,0.00767815,0.10405
724,1.18118,0.00826578,0.106446
724,1.15691,0.00865266,0.104908
724,1.25255,0.0118809,0.105812
724,1.16415,0.00749923,0.108952
724,1.18847,0.0115233,0.107325
724,1.09213,0.0102392,0.107372
724,1.24895,0.0097612,0.11182
724,1.24974,0.00859759,0.111404
724,1.21508,0.00923126,0.10423
724,1.20837,0.0101363,0.107025
724,1.27598,0.0090231,0.105412
724,1.25092,0.00900677,0.106974
724,1.21916,0.00934728,0.104629
724,1.17765,0.00875393,0.10366
724,1.18894,0.0123099,0.106829
725,1.10495,0.00922651,0.113988
725,1.21474,0.00804749,0.102429
725,1.2311,0.00927676,0.100963
725,1.20781,0.0100673,0.101868
725,1.19811,0.0082297,0.100792
725,1.24504,0.0124474,0.101094
725,1.25668,0.0120635,0.102791
725,1.12964,0.00886594,0.108357
725,1.19279,0.00860527,0.106594
725,1.25992,0.01266,0.105735
725,1.14945,0.00931561,0.108832
725,1.21143,0.00892415,0.10796
725,1.17464,0.0087587,0.135802
725,1.17827,0.0122339,0.112799
725,1.22421,0.00888625,0.104812
725,1.19869,0.00864632,0.103807
725,1.20869,0.00793897,0.105801
725,1.11114,0.0106258,0.112838
725,1.17033,0.00864707,0.109183
725,1.21616,0.0141069,0.108956
726,1.25336,0.00914067,0.113863
726,1.17677,0.00816191,0.106628
726,1.25583,0.00873767,0.102629
726,1.23884,0.00893912,0.102303
726,1.27001,0.0121528,0.10222
726,1.21225,0.00894833,0.102045
726,1.24423,0.00962729,0.105978
726,1.1854,0.00713195,0.106505
726,1.19519,0.0106657,0.105311
726,1.21812,0.0124238,0.105438
726,1.21289,0.0131546,0.103859
726,1.19849,0.0104179,0.105344
726,1.20982,0.00853618,0.106435
726,1.21647,0.0083797,0.109088
726,1.18397,0.0129858,0.110469
726,1.10158,0.0113289,0.114848
726,1.20413,0.0116603,0.106183
726,1.15502,0.0101681,0.104895
726,1.12156,0.00728461,0.10525
726,1.16765,0.0129067,0.105817
727,1.14169,0.00892398,0.111967
727,1.17899,0.00836334,0.102577
727,1.31481,0.00801825,0.105598
727,1.17985,0.00936487,0.104661
727,1.13301,0.0116662,0.104325
727,1.21062,0.00901804,0.101674
727,1.23436,0.0198706,0.100967
727,1.14873,0.00876667,0.102735
727,1.22253,0.0100652,0.106824
727,1.144,0.00822561,0.107526
727,1.17641,0.0103261,0.102143
727,1.24671,0.00876796,0.103614
727,1.15365,0.00991968,0.104654
727,1.24821,0.0116134,0.105779
727,1.22969,0.0116362,0.104713
727,1.17404,0.00847532,0.10897
727,1.15443,0.00897858,0.105784
727,1.1349,0.0120563,0.103741
727,1.17199,0.00795085,0.104531
727,1.13812,0.0110594,0.108829
728,1.20558,0.00970418,0.111118
728,1.16252,0.0101455,0.1047
728,1.26539,0.0111861,0.103207
728,1.21267,0.00705412,0.103741
728,1.24309,0.00824005,0.101653
728,1.25703,0.00855724,0.102154
728,1.13855,0.0105058,0.102749
728,1.18444,0.00996356,0.104133
728,1.18666,0.00964459,0.102741
728,1.28346,0.0098133,0.103603
728,1.20471,0.00912476,0.103849
728,1.28969,0.00928882,0.105686
728,1.25429,0.0089415,0.105367
728,1.19327,0.00826144,0.102417
728,1.20916,0.0092551,0.106228
728,1.23032,0.00795387,0.104407
728,1.26103,0.0108873,0.103481
728,1.2535,0.00962091,0.104857
728,1.21015,0.0111794,0.107059
728,1.25523,0.00835473,0.111908
729,1.15887,0.00812993,0.113993
729,1.25706,0.0118123,0.106168
729,1.18388,0.0103826,0.106694
729,1.18737,0.0105734,0.106844
729,1.21142,0.0119835,0.109936
729,1.14502,0.0114165,0.106561
729,1.21557,0.00816859,0.107818
729,1.19217,0.0108699,0.102894
729,1.16829,0.00687206,0.103229
729,1.27673,0.00929021,0.10429
729,1.14021,0.00925494,0.103461
729,1.22431,0.00852963,0.102398
729,1.19678,0.0103135,0.106095
729,1.17721,0.00813333,0.107616
729,1.22743,0.00882712,0.105822
729,1.28399,0.00999647,0.10594
729,1.17921,0.00811559,0.106806
729,1.23857,0.0103499,0.106374
729,1.16909,0.00818583,0.107397
729,1.09911,0.00901961,0.105958
730,1.23263,0.00801693,0.113255
730,1.10866,0.00791315,0.105267
730,1.1552,0.0101408,0.106554
730,1.26667,0.0108295,0.106517
730,1.17685,0.0100574,0.106911
730,1.22498,0.0105952,0.105025
730,1.17555,0.00981569,0.104361
730,1.14203,0.0101009,0.104529
730,1.26373,0.0119299,0.103554
730,1.15208,0.00975846,0.10233
730,1.18908,0.00874048,0.110027
730,1.20592,0.00780359,0.104782
730,1.20846,0.0105025,0.10365
730,1.18506,0.0143236,0.102471
730,1.20092,0.0110548,0.10224
730,1.13477,0.0078979,0.103835
730,1.17791,0.00958944,0.102703
730,1.25801,0.00805342,0.103112
730,1.16692,0.00849564,0.104731
730,1.23106,0.00949606,0.109164
731,1.19046,0.00943762,0.131743
731,1.16336,0.00769443,0.107087
731,1.14842,0.0105979,0.110281
731,1.22029,0.00911489,0.116516
731,1.23677,0.0102689,0.116045
731,1.09766,0.00900222,0.110061
731,1.20432,0.00757171,0.108096
731,1.19869,0.0117035,0.106635
731,1.2305,0.00972944,0.103749
731,1.11366,0.009198,0.10224
731,1.16199,0.00839837,0.104358
731,1.264,0.0110011,0.104345
731,1.20539,0.0112994,0.102866
731,1.17218,0.0101239,0.105233
731,1.15834,0.00932905,0.104019
731,1.14953,0.010285,0.103602
731,1.1535,0.00823964,0.107312
731,1.25784,0.0112095,0.109677
731,1.22755,0.00807466,0.110851
731,1.17037,0.011528,0.109602
732,1.11579,0.00835349,0.113062
732,1.20914,0.00865484,0.112324
732,1.25952,0.0112557,0.111244
732,1.32619,0.0103641,0.113587
732,1.21614,0.0105634,0.107978
732,1.17719,0.00890105,0.109346
732,1.15264,0.00888619,0.105636
732,1.20284,0.00930888,0.107073
732,1.18317,0.0115206,0.108277
732,1.23869,0.00801998,0.108086
732,1.19628,0.00856223,0.108379
732,1.24548,0.0117875,0.111736
732,1.20094,0.0111717,0.11017
732,1.1799,0.00811399,0.110492
732,1.05178,0.00985884,0.106504
732,1.19179,0.010539,0.104776
732,1.22491,0.0095397,0.106878
732,1.20197,0.0101476,0.108174
732,1.18539,0.00860081,0.124076
732,1.23098,0.00970491,0.110999
733,1.15445,0.00797975,0.114129
733,1.24003,0.0100855,0.103194
733,1.21611,0.00729027,0.10828
733,1.27334,0.0135578,0.102938
733,1.14919,0.00845211,0.130697
733,1.22062,0.00912191,0.10761
733,1.16806,0.00774342,0.103148
733,1.1088,0.0110822,0.106347
733,1.18846,0.00987938,0.128204
733,1.21794,0.00794245,0.115057
733,1.22005,0.00811353,0.110511
733,1.15224,0.00834191,0.159707
733,1.16462,0.0101051,0.197007
733,1.11397,0.00896517,0.121518
733,1.26352,0.0186131,0.119964
733,1.22397,0.00851684,0.129031
733,1.2281,0.01105,0.114583
733,1.22054,0.00991096,0.146068
733,1.09425,0.0106204,0.134655
733,1.15683,0.00802546,0.108415
734,1.10136,0.00731741,0.143866
734,1.19734,0.00882176,0.109528
734,1.14016,0.00973184,0.123559
734,1.22663,0.00679685,0.111523
734,1.20668,0.00952296,0.112594
734,1.18111,0.00720848,0.157448
734,1.1886,0.0109702,0.153405
734,1.25655,0.00848642,0.117786
734,1.19983,0.0088251,0.119032
734,1.10034,0.00746086,0.123936
734,1.17894,0.0102313,0.151189
734,1.19135,0.0109689,0.124475
734,1.17553,0.0099165,0.127421
734,1.21422,0.010779,0.115917
734,1.1781,0.00858852,0.12554
734,1.20414,0.0115861,0.127835
734,1.19022,0.00950442,0.123868
734,1.09409,0.00717909,0.12167
734,1.11599,0.0104491,0.120071
734,1.24047,0.00937811,0.126577
735,1.22672,0.00861223,0.205153
735,1.12406,0.0114818,0.123234
735,1.13019,0.00661763,0.101674
735,1.17581,0.0107483,0.102079
735,1.11597,0.0130621,0.106956
735,1.17309,0.00782621,0.100926
735,1.22939,0.00835637,0.107071
735,1.15127,0.00774192,0.107653
735,1.12325,0.00700413,0.110273
735,1.24124,0.00987282,0.108804
735,1.20165,0.00947794,0.107302
735,1.22795,0.00960292,0.135643
735,1.13902,0.0114488,0.138479
735,1.18181,0.012316,0.101639
735,1.20033,0.00920283,0.10067
735,1.12757,0.00891928,0.106595
735,1.1798,0.00927936,0.115335
735,1.14301,0.00771909,0.1184
735,1.18524,0.00959001,0.107335
735,1.18157,0.00689648,0.109429
736,1.19534,0.00733794,0.111385
736,1.22477,0.00905684,0.100538
736,1.24812,0.00956656,0.101123
736,1.11047,0.00835338,0.100993
736,1.12174,0.0148989,0.100512
736,1.21063,0.00887059,0.103379
736,1.1591,0.00864672,0.112001
736,1.20505,0.00838724,0.103589
736,1.15146,0.00836878,0.104318
736,1.23562,0.0106701,0.107749
736,1.15013,0.0112613,0.107701
736,1.24619,0.0109573,0.101165
736,1.19994,0.0107624,0.106248
736,1.17848,0.0116953,0.114186
736,1.2466,0.0131163,0.104247
736,1.13971,0.00730996,0.103276
736,1.18401,0.00879911,0.108227
736,1.2005,0.009802,0.137665
736,1.15467,0.00902637,0.102046
736,1.19935,0.011927,0.115774
737,1.23908,0.0109215,0.121111
737,1.21503,0.015052,0.107485
737,1.13809,0.0147192,0.103185
737,1.16716,0.00785059,0.109267
737,1.22356,0.0104865,0.102783
737,1.14098,0.00761537,0.102549
737,1.18811,0.00949547,0.101309
737,1.23362,0.0113489,0.102028
737,1.18468,0.0116069,0.108956
737,1.17462,0.00854842,0.115006
737,1.23577,0.010399,0.108206
737,1.23965,0.0101235,0.107006
737,1.24935,0.0122133,0.106648
737,1.25006,0.00936248,0.105713
737,1.1817,0.00940295,0.10567
737,1.23032,0.00873505,0.144541
737,1.20839,0.00845744,0.126775
737,1.1614,0.00759987,0.113785
737,1.18813,0.010193,0.10675
737,1.21846,0.00876422,0.10487
738,1.15326,0.00877592,0.11201
738,1.25213,0.0117526,0.155539
738,1.22633,0.00827183,0.117116
738,1.17393,0.00815681,0.105981
738,1.19599,0.00863518,0.110031
738,1.19124,0.00960488,0.10783
738,1.30531,0.0096486,0.10528
738,1.15061,0.0168319,0.101358
738,1.25835,0.00759836,0.101953
738,1.2442,0.00964992,0.107319
738,1.18259,0.008408,0.102635
738,1.26335,0.00883885,0.102032
738,1.16001,0.0118797,0.113063
738,1.2506,0.0106903,0.111307
738,1.23601,0.0102963,0.106076
738,1.14928,0.00722806,0.102759
738,1.27691,0.00938004,0.105423
738,1.10333,0.00922371,0.105167
738,1.24436,0.00814729,0.102303
738,1.1626,0.00848268,0.101188
739,1.24646,0.00912501,0.143908
739,1.17153,0.00865683,0.103953
739,1.19644,0.0108913,0.100571
739,1.23792,0.00860452,0.101875
739,1.20492,0.00867041,0.104305
739,1.2704,0.0102019,0.103237
739,1.22115,0.0102906,0.109078
739,1.22344,0.0112009,0.109975
739,1.2301,0.0105237,0.110888
739,1.19055,0.00848142,0.105839
739,1.12279,0.00964461,0.104575
739,1.25639,0.00940495,0.102957
739,1.14382,0.00944888,0.106078
739,1.24016,0.0108692,0.110487
739,1.10354,0.00899228,0.110013
739,1.22269,0.0121576,0.10907
739,1.20117,0.0096473,0.10677
739,1.1706,0.00957011,0.102752
739,1.20128,0.00859833,0.103866
739,1.16382,0.00744655,0.101487
740,1.1766,0.00873434,0.108714
740,1.0662,0.00866684,0.101863
740,1.2132,0.0077006,0.108106
740,1.17941,0.0114047,0.111141
740,1.20263,0.00864673,0.112845
740,1.25871,0.0150339,0.106728
740,1.14986,0.00806281,0.10646
740,1.28127,0.00912068,0.102188
740,1.29348,0.00859101,0.104686
740,1.2166,0.00816906,0.106679
740,1.1933,0.0157867,0.107549
740,1.19781,0.0087952,0.102754
740,1.20772,0.014604,0.103493
740,1.17843,0.00944664,0.102014
740,1.1748,0.00893844,0.103165
740,1.16574,0.0100685,0.101069
740,1.16978,0.00947077,0.10059
740,1.17561,0.0094087,0.103033
740,1.11128,0.00896914,0.101775
740,1.22139,0.0088944,0.101096
741,1.20618,0.00955833,0.108839
741,1.20583,0.0103,0.106694
741,1.24948,0.00890663,0.107972
741,1.09456,0.00868746,0.10998
741,1.17665,0.0101698,0.11057
741,1.17907,0.0130602,0.107997
741,1.22814,0.0081063,0.106316
741,1.28081,0.0112837,0.104918
741,1.2224,0.00846526,0.101642
741,1.20839,0.00762912,0.102732
741,1.21543,0.0107714,0.106183
741,1.20284,0.0088451,0.105383
741,1.16189,0.00896841,0.10785
741,1.21592,0.0119867,0.108729
741,1.22688,0.00875629,0.107702
741,1.24507,0.00845902,0.106891
741,1.23015,0.0116916,0.104994
741,1.19135,0.0122314,0.10246
741,1.17769,0.00875961,0.104728
741,1.21714,0.00930261,0.109375
742,1.15519,0.00916226,0.111033
742,1.2407,0.0117388,0.101387
742,1.18339,0.0111849,0.104956
742,1.25464,0.0115693,0.107401
742,1.16053,0.00873168,0.110455
742,1.121,0.0108136,0.102639
742,1.21112,0.0135827,0.101243
742,1.24265,0.00785762,0.102678
742,1.19894,0.00741987,0.104406
742,1.20326,0.00988627,0.103988
742,1.2651,0.00932556,0.110406
742,1.13617,0.009999,0.110511
742,1.12105,0.00819829,0.10598
742,1.24829,0.0090803,0.102673
742,1.17156,0.00974293,0.102059
742,1.15693,0.00857888,0.103506
742,1.23355,0.0101682,0.103896
742,1.19997,0.00852653,0.104615
742,1.27686,0.00965816,0.101838
742,1.19538,0.0087873,0.102333
743,1.19465,0.0135672,0.110444
743,1.21486,0.00914633,0.104955
743,1.12582,0.00909051,0.102743
743,1.23654,0.0090074,0.102375
743,1.19322,0.00754909,0.103809
743,1.2036,0.00863661,0.106758
743,1.21044,0.0096584,0.108805
743,1.29141,0.00989237,0.106839
743,1.16273,0.0133472,0.10892
743,1.16022,0.00895491,0.106072
743,1.20724,0.0122234,0.105572
743,1.16943,0.00798076,0.105902
743,1.23836,0.00733173,0.10515
743,1.19413,0.0096734,0.10539
743,1.18735,0.0144753,0.104973
743,1.2168,0.0112307,0.105481
743,1.15762,0.00873877,0.103146
743,1.21611,0.00911919,0.105291
743,1.17966,0.00935405,0.103311
743,1.18529,0.00923609,0.102418
744,1.16198,0.00780425,0.109255
744,1.2709,0.00824175,0.107898
744,1.26323,0.0089549,0.105051
744,1.19874,0.00818102,0.102339
744,1.13936,0.00927662,0.102231
744,1.2691,0.0110462,0.101936
744,1.26918,0.0101349,0.102413
744,1.1996,0.00832276,0.102113
744,1.1567,0.0118783,0.104017
744,1.22681,0.00787206,0.103818
744,1.23991,0.00809097,0.10245
744,1.15297,0.0102233,0.103413
744,1.22357,0.00949235,0.103767
744,1.2232,0.0094667,0.102191
744,1.26249,0.00944099,0.103443
744,1.16825,0.0120356,0.103269
744,1.24026,0.0095417,0.101636
744,1.14972,0.0071754,0.103055
744,1.2202,0.00980801,0.102156
744,1.21508,0.00961315,0.104352
745,1.20815,0.0100891,0.145359
745,1.22623,0.0129064,0.108471
745,1.20358,0.00895331,0.103145
745,1.18027,0.00710793,0.10301
745,1.15436,0.00857977,0.10298
745,1.22039,0.0110459,0.102512
745,1.26481,0.00846419,0.10298
745,1.18606,0.00933575,0.103088
745,1.22852,0.0119277,0.103288
745,1.18041,0.0117382,0.104554
745,1.14683,0.00729105,0.10334
745,1.25127,0.0103107,0.10208
745,1.18627,0.0100459,0.10353
745,1.1932,0.0115013,0.105548
745,1.2315,0.0116686,0.106651
745,1.24786,0.00867222,0.117079
745,1.18555,0.0105351,0.104396
745,1.20523,0.00955403,0.105044
745,1.23668,0.00761651,0.102328
745,1.11605,0.00732243,0.103798
746,1.2361,0.0127748,0.113128
746,1.26039,0.0095606,0.103095
746,1.1717,0.00892965,0.102428
746,1.16087,0.00868926,0.102754
746,1.15258,0.00963491,0.103645
746,1.17659,0.0105753,0.10419
746,1.10452,0.00780585,0.10331
746,1.1556,0.00752538,0.103217
746,1.24012,0.0092324,0.10568
746,1.18691,0.00771242,0.103403
746,1.2428,0.00880689,0.103616
746,1.18914,0.00795732,0.103339
746,1.25478,0.0077281,0.103223
746,1.22215,0.00813608,0.103455
746,1.20943,0.00911477,0.103581
746,1.22827,0.0106542,0.105125
746,1.19565,0.0104985,0.103924
746,1.17303,0.00796675,0.102283
746,1.16546,0.00822753,0.103201
746,1.17174,0.00821871,0.104787
747,1.18193,0.00755136,0.116063
747,1.1924,0.00853564,0.105616
747,1.18792,0.0107931,0.103502
747,1.27473,0.0109853,0.104729
747,1.24333,0.00862347,0.106226
747,1.22089,0.00958789,0.107279
747,1.21592,0.0137163,0.107562
747,1.26934,0.00882925,0.105788
747,1.27834,0.011833,0.103096
747,1.23341,0.00951278,0.103525
747,1.20644,0.0107709,0.1029
747,1.24207,0.00752428,0.103143
747,1.25645,0.0101238,0.104978
747,1.22142,0.00843116,0.103164
747,1.18732,0.00905547,0.103432
747,1.21716,0.0092282,0.10808
747,1.15218,0.00815918,0.120992
747,1.24674,0.0100383,0.115467
747,1.26075,0.0102141,0.111474
747,1.26407,0.0102642,0.105963
748,1.14111,0.00736173,0.127008
748,1.20129,0.0112253,0.117311
748,1.32159,0.0114515,0.10592
748,1.19875,0.00741166,0.110031
748,1.13533,0.00799124,0.11311
748,1.15016,0.00839512,0.113417
748,1.20029,0.0080856,0.110742
748,1.23791,0.0081074,0.104853
748,1.11307,0.00967047,0.108618
748,1.25066,0.0124792,0.117699
748,1.16439,0.00877639,0.113194
748,1.15635,0.0129553,0.10482
748,1.20746,0.015798,0.10524
748,1.19637,0.0118426,0.103033
748,1.22744,0.0109474,0.106991
748,1.17797,0.00771455,0.107976
748,1.18457,0.00676436,0.109414
748,1.23868,0.00929384,0.102976
748,1.22931,0.0120517,0.104051
748,1.26135,0.0102687,0.108616
749,1.18038,0.00912092,0.116759
749,1.16078,0.0119684,0.107509
749,1.21667,0.00884939,0.108026
749,1.23717,0.0078723,0.107809
749,1.22649,0.00925978,0.107541
749,1.33538,0.0100882,0.109109
749,1.22496,0.0126305,0.108668
749,1.21492,0.00931801,0.108281
749,1.23055,0.0103166,0.108125
749,1.12802,0.0133432,0.109875
749,1.1284,0.00779411,0.108928
749,1.11129,0.00832227,0.109967
749,1.17556,0.0101006,0.114559
749,1.15203,0.00794234,0.112396
749,1.13568,0.00762716,0.115327
749,1.22643,0.0083715,0.11138
749,1.16304,0.00866267,0.099818
749,1.23458,0.0109733,0.096454
749,1.17013,0.009052,0.111972
749,1.12049,0.00909026,0.114592
750,1.24028,0.009125,0.163904
750,1.22113,0.00816708,0.119481
750,1.21308,0.00881358,0.10237
750,1.23356,0.00975308,0.099143
750,1.1569,0.00904864,0.095716
750,1.17433,0.0088309,0.100802
750,1.23091,0.0114562,0.102891
750,1.16798,0.00861566,0.098195
750,1.18298,0.00971932,0.098101
750,1.17265,0.00843755,0.099106
750,1.17489,0.00928447,0.105684
750,1.27996,0.00804146,0.108175
750,1.14143,0.00712572,0.108726
750,1.16363,0.00781032,0.107551
750,1.17645,0.00919082,0.110405
750,1.21112,0.00926141,0.111791
750,1.2243,0.00898373,0.109436
750,1.2445,0.00948351,0.109022
750,1.25025,0.0107475,0.107031
750,1.21188,0.00728528,0.105881
751,1.18476,0.0104625,0.113566
751,1.17803,0.00906029,0.106865
751,1.23599,0.010706,0.105967
751,1.24354,0.00997412,0.108056
751,1.15171,0.00794026,0.108024
751,1.12667,0.00823301,0.109334
751,1.17008,0.00827208,0.110431
751,1.1804,0.00879629,0.110217
751,1.20022,0.00829674,0.110805
751,1.16711,0.00943415,0.107477
751,1.12548,0.0109157,0.10738
751,1.23086,0.00894402,0.108452
751,1.15633,0.0170677,0.108826
751,1.22586,0.00929058,0.116773
751,1.16453,0.00776066,0.111751
751,1.14995,0.0115374,0.108108
751,1.20094,0.0104365,0.106297
751,1.17553,0.0105171,0.109143
751,1.18439,0.0084198,0.11008
751,1.26859,0.0114591,0.109399
752,1.13943,0.00808364,0.112521
752,1.2004,0.00778216,0.107039
752,1.20644,0.012672,0.110771
752,1.17974,0.0100927,0.106435
752,1.1891,0.0117009,0.108048
752,1.14669,0.0106316,0.106098
752,1.19973,0.00986041,0.117174
752,1.28565,0.00834617,0.109687
752,1.27303,0.00804521,0.106031
752,1.21926,0.00921004,0.105734
752,1.22015,0.00840095,0.106451
752,1.20064,0.00885657,0.105851
752,1.26429,0.00816347,0.106871
752,1.22806,0.00733255,0.107473
752,1.24468,0.00743464,0.106442
752,1.21196,0.0114121,0.106796
752,1.07105,0.00842355,0.107849
752,1.20111,0.010829,0.11097
752,1.24132,0.00847374,0.107293
752,1.18525,0.00916644,0.100171
753,1.09165,0.00838478,0.107843
753,1.24091,0.0083402,0.102056
753,1.14929,0.0115306,0.099743
753,1.23286,0.00999853,0.10537
753,1.17969,0.00893568,0.106189
753,1.19264,0.0107841,0.120438
753,1.12035,0.00813692,0.117071
753,1.27777,0.00806332,0.106255
753,1.20658,0.00885192,0.101984
753,1.17296,0.00868268,0.100384
753,1.22285,0.00760269,0.103421
753,1.2315,0.00895342,0.112263
753,1.27918,0.00968617,0.106814
753,1.21262,0.00720626,0.104326
753,1.25995,0.00941497,0.103046
753,1.17144,0.00943943,0.102771
753,1.17388,0.00850463,0.10437
753,1.10531,0.00850722,0.103581
753,1.20247,0.00734882,0.106394
753,1.23298,0.00820636,0.110023
754,1.20229,0.00819103,0.153356
754,1.09664,0.00859881,0.113812
754,1.21755,0.0091345,0.108209
754,1.28435,0.00703994,0.114066
754,1.22871,0.0104874,0.107765
754,1.26085,0.00964387,0.10655
754,1.22993,0.0106962,0.106419
754,1.17464,0.00793216,0.10764
754,1.22359,0.00681035,0.106698
754,1.1153,0.00713406,0.106561
754,1.22289,0.0102916,0.108161
754,1.2047,0.0101995,0.107706
754,1.17761,0.0134329,0.105923
754,1.19033,0.00805226,0.105519
754,1.19465,0.00974759,0.109011
754,1.21318,0.0139379,0.106753
754,1.14268,0.0107831,0.105214
754,1.28825,0.00967161,0.106208
754,1.20879,0.00940405,0.108435
754,1.17911,0.00919067,0.10695
755,1.10301,0.00993831,0.115025
755,1.20197,0.00775033,0.107038
755,1.17189,0.00983225,0.10807
755,1.25994,0.00912696,0.108075
755,1.26131,0.00786321,0.109908
755,1.21413,0.00833636,0.1106
755,1.19309,0.00849917,0.106743
755,1.26313,0.00953606,0.10845
755,1.19564,0.0075015,0.11124
755,1.17488,0.00708465,0.109326
755,1.18451,0.00801058,0.107074
755,1.13981,0.00772704,0.108867
755,1.3348,0.0111242,0.109312
755,1.22269,0.0110624,0.108086
755,1.23201,0.00903226,0.108107
755,1.13041,0.00898522,0.107179
755,1.26074,0.00818153,0.110517
755,1.24096,0.00841881,0.107282
755,1.20066,0.00811469,0.115613
755,1.19928,0.00906,0.117795
756,1.17736,0.00781335,0.11772
756,1.31657,0.0108612,0.108022
756,1.13698,0.00817757,0.107028
756,1.18162,0.011577,0.10622
756,1.25362,0.0100356,0.107007
756,1.2309,0.00931585,0.111716
756,1.18842,0.00888467,0.120926
756,1.18396,0.00877433,0.111923
756,1.21964,0.00675643,0.109288
756,1.28297,0.0124082,0.112046
756,1.20711,0.0116304,0.110151
756,1.2194,0.00766968,0.10831
756,1.17236,0.00748511,0.116802
756,1.23441,0.0156171,0.109418
756,1.21428,0.0133501,0.108081
756,1.2102,0.00873039,0.120076
756,1.16002,0.00890893,0.111992
756,1.21366,0.0132902,0.111952
756,1.1588,0.00789024,0.110102
756,1.17473,0.0080753,0.107867
757,1.26848,0.00805932,0.118737
757,1.15607,0.0107566,0.123683
757,1.26063,0.00922721,0.162262
757,1.17478,0.00739103,0.130305
757,1.14939,0.00898113,0.117762
757,1.14354,0.0142995,0.112417
757,1.21304,0.00778666,0.134513
757,1.24509,0.0111635,0.124588
757,1.06346,0.00918535,0.122741
757,1.16716,0.0088885,0.12466
757,1.19658,0.00835994,0.110119
757,1.25168,0.00886016,0.127583
757,1.21955,0.0102826,0.121403
757,1.14733,0.0116208,0.127471
757,1.14269,0.00784806,0.121539
757,1.12792,0.010406,0.117329
757,1.19516,0.0122542,0.116532
757,1.19969,0.00730916,0.121399
757,1.09861,0.00900981,0.112829
757,1.25683,0.00939337,0.116805
758,1.22327,0.0105871,0.153669
758,1.1864,0.00868963,0.119354
758,1.20888,0.00756335,0.11772
758,1.14693,0.00772757,0.114375
758,1.24068,0.0104141,0.11201
758,1.20472,0.00873326,0.111498
758,1.22248,0.00849202,0.11107
758,1.23617,0.00896241,0.111161
758,1.17575,0.00983582,0.112582
758,1.15165,0.0077169,0.1203
758,1.19411,0.0103099,0.11618
758,1.22307,0.00858572,0.117429
758,1.18544,0.00700793,0.113248
758,1.20442,0.00987065,0.11564
758,1.17423,0.00870535,0.113695
758,1.17794,0.00785327,0.115802
758,1.15713,0.0123987,0.118219
758,1.21353,0.0124453,0.124955
758,1.14147,0.0108824,0.121401
758,1.23043,0.0105036,0.132358
759,1.18015,0.00805412,0.128298
759,1.18715,0.00826611,0.115373
759,1.1969,0.0125245,0.110045
759,1.1701,0.00933173,0.110021
759,1.20849,0.009528,0.113985
759,1.24058,0.011551,0.115545
759,1.17195,0.00874958,0.110713
759,1.23026,0.00890323,0.108978
759,1.16962,0.0108923,0.110488
759,1.16599,0.0106836,0.120643
759,1.24922,0.0112205,0.115678
759,1.15812,0.00855338,0.121724
759,1.21355,0.0106965,0.115554
759,1.19727,0.00838228,0.112471
759,1.21199,0.0101356,0.113189
759,1.1801,0.0105075,0.11833
759,1.21866,0.00874626,0.115856
759,1.22584,0.00952169,0.115972
759,1.25017,0.00921653,0.117176
759,1.15044,0.00869981,0.111522
760,1.18496,0.00854091,0.114366
760,1.11417,0.0081692,0.109642
760,1.26419,0.0100223,0.111777
760,1.16662,0.0104772,0.114163
760,1.15785,0.00837627,0.110384
760,1.13955,0.00755316,0.110468
760,1.1431,0.00786171,0.109885
760,1.16692,0.0148684,0.109949
760,1.23012,0.00811962,0.109537
760,1.18784,0.0100469,0.137561
760,1.20718,0.00801772,0.125618
760,1.21864,0.00743297,0.114883
760,1.23887,0.00850138,0.11326
760,1.13712,0.0096007,0.117564
760,1.22695,0.00956205,0.115578
760,1.18647,0.00819285,0.114989
760,1.1325,0.00813799,0.11866
760,1.25494,0.0083925,0.118348
760,1.17184,0.0102898,0.11133
760,1.21995,0.00733479,0.111014
761,1.19898,0.00958533,0.134124
761,1.20409,0.00899833,0.110894
761,1.19808,0.00911364,0.110926
761,1.28053,0.0101291,0.120997
761,1.19408,0.00763278,0.116405
761,1.14153,0.00671468,0.113079
761,1.22212,0.00982375,0.110993
761,1.1374,0.0100801,0.110504
761,1.18827,0.00831334,0.112535
761,1.22799,0.0119342,0.119185
761,1.16623,0.00861628,0.115421
761,1.19709,0.00808078,0.11751
761,1.18225,0.00853729,0.115226
761,1.15726,0.00848042,0.11561
761,1.22312,0.00994376,0.11742
761,1.23101,0.00996934,0.115887
761,1.28226,0.0108244,0.116879
761,1.20859,0.00935319,0.115543
761,1.24419,0.0111382,0.10976
761,1.19895,0.0142698,0.107826
762,1.26218,0.00856146,0.115808
762,1.2261,0.0102556,0.112149
762,1.19518,0.00866932,0.109365
762,1.31079,0.00807188,0.110211
762,1.16131,0.0103827,0.110322
762,1.12582,0.0121277,0.112382
762,1.20528,0.0106445,0.109002
762,1.22683,0.0123898,0.108976
762,1.15096,0.00862318,0.110227
762,1.18393,0.0118784,0.117229
762,1.11085,0.00760426,0.113465
762,1.20497,0.0120405,0.115116
762,1.25221,0.00855559,0.115679
762,1.16065,0.00782214,0.113439
762,1.22018,0.00905315,0.113658
762,1.22039,0.00885487,0.114479
762,1.11879,0.00917161,0.113331
762,1.06084,0.00668605,0.113965
762,1.17262,0.00947159,0.111885
762,1.16951,0.00983198,0.110289
763,1.17352,0.0087658,0.146726
763,1.28775,0.0115665,0.110962
763,1.22174,0.0115478,0.111578
763,1.11234,0.0123577,0.109597
763,1.21361,0.00906815,0.109378
763,1.15949,0.0126044,0.110455
763,1.25146,0.0105881,0.109463
763,1.2513,0.0104994,0.108624
763,1.25587,0.0116347,0.109293
763,1.23791,0.00876714,0.114904
763,1.12985,0.0080962,0.113655
763,1.17754,0.011039,0.114427
763,1.18409,0.0105925,0.113866
763,1.306,0.0097066,0.121163
763,1.22627,0.00929999,0.114712
763,1.13689,0.00966954,0.113546
763,1.19121,0.0106227,0.117917
763,1.21836,0.00810035,0.114148
763,1.28026,0.010804,0.117283
763,1.21963,0.00876206,0.109001
764,1.22584,0.00963845,0.119364
764,1.21488,0.00862291,0.108472
764,1.15082,0.00799774,0.108497
764,1.13216,0.0098245,0.111451
764,1.17825,0.00814075,0.116191
764,1.09524,0.00698359,0.118943
764,1.25746,0.0101086,0.115011
764,1.29158,0.0118815,0.113324
764,1.14674,0.00793814,0.11259
764,1.18919,0.00771349,0.121814
764,1.24954,0.0100379,0.123503
764,1.13044,0.0109071,0.118203
764,1.15861,0.012752,0.118756
764,1.15952,0.0106016,0.119506
764,1.2347,0.00831914,0.1197
764,1.25956,0.0107057,0.117608
764,1.19138,0.0108679,0.115332
764,1.18684,0.00805319,0.117547
764,1.25411,0.00709454,0.119155
764,1.25162,0.00882755,0.11083
765,1.23574,0.0106097,0.117759
765,1.11464,0.00981406,0.114336
765,1.24974,0.0107208,0.113373
765,1.25948,0.0100281,0.111743
765,1.20115,0.0102744,0.113924
765,1.27129,0.00970773,0.115907
765,1.22988,0.0075198,0.120819
765,1.17614,0.00736202,0.118564
765,1.31712,0.0128435,0.116887
765,1.26527,0.00850178,0.117139
765,1.24034,0.00784653,0.116057
765,1.21611,0.00974187,0.117068
765,1.26129,0.00959066,0.125772
765,1.19167,0.00950924,0.145796
765,1.23276,0.00798704,0.142672
765,1.10292,0.00697812,0.178874
765,1.19689,0.00838037,0.131311
765,1.21199,0.00874139,0.130554
765,1.28406,0.00933715,0.130613
765,1.17258,0.00885858,0.130776
766,1.15203,0.00829765,0.120394
766,1.32867,0.0112627,0.112242
766,1.20771,0.00742767,0.112005
766,1.11351,0.00666653,0.112252
766,1.1531,0.0100699,0.113392
766,1.16953,0.00828799,0.114591
766,1.21828,0.00865945,0.116298
766,1.23041,0.00760158,0.116528
766,1.18464,0.00887911,0.114536
766,1.25308,0.00643843,0.113021
766,1.18089,0.00897663,0.115647
766,1.2167,0.00756411,0.113292
766,1.17555,0.00936981,0.11171
766,1.20509,0.00714805,0.113445
766,1.2616,0.00980411,0.118418
766,1.18441,0.0094898,0.117434
766,1.25701,0.0092735,0.113614
766,1.24152,0.00821157,0.143248
766,1.15372,0.00847072,0.122214
766,1.19134,0.00852815,0.130972
767,1.12691,0.00773681,0.139274
767,1.18258,0.00886837,0.122591
767,1.08962,0.00936921,0.121692
767,1.13306,0.0110332,0.127057
767,1.18084,0.0103976,0.121425
767,1.18975,0.0066583,0.112933
767,1.27928,0.0122143,0.112665
767,1.18785,0.00897604,0.110622
767,1.14256,0.00817702,0.124416
767,1.17561,0.00749276,0.122895
767,1.1382,0.00763711,0.118558
767,1.24955,0.00938928,0.122308
767,1.14937,0.00837115,0.111013
767,1.1929,0.00853115,0.113985
767,1.21921,0.0069303,0.112476
767,1.19527,0.0100513,0.109911
767,1.21557,0.0101978,0.110008
767,1.17312,0.0106691,0.110988
767,1.22171,0.00922562,0.109889
767,1.19181,0.00760178,0.110761
768,1.2656,0.0083254,0.118089
768,1.28577,0.00907598,0.110622
768,1.23241,0.00860678,0.110637
768,1.15387,0.00820134,0.111611
768,1.128,0.0103972,0.111111
768,1.25629,0.00927405,0.111004
768,1.27167,0.00879279,0.110162
768,1.13211,0.00801108,0.111758
768,1.16131,0.00898751,0.111848
768,1.26125,0.0114267,0.111974
768,1.21795,0.00856314,0.109175
768,1.21496,0.00869406,0.110364
768,1.20397,0.00884226,0.110795
768,1.14374,0.00889295,0.110363
768,1.1414,0.00701059,0.11267
768,1.21123,0.0112507,0.112301
768,1.21532,0.0101493,0.120332
768,1.12219,0.0110117,0.110024
768,1.18794,0.00802081,0.109844
768,1.20863,0.00806234,0.110549
769,1.23441,0.0109032,0.161754
769,1.30075,0.00819412,0.115485
769,1.25973,0.0108878,0.112921
769,1.24687,0.00832636,0.111804
769,1.29246,0.00928657,0.109754
769,1.14678,0.0104565,0.112055
769,1.20726,0.00944928,0.111377
769,1.22224,0.0101956,0.110839
769,1.18461,0.0113555,0.110302
769,1.20457,0.00820064,0.116412
769,1.20627,0.00897995,0.110976
769,1.17499,0.00969172,0.111007
769,1.2273,0.00909018,0.111949
769,1.2566,0.00717849,0.112292
769,1.2488,0.0103743,0.111029
769,1.21102,0.00915245,0.109172
769,1.18891,0.00935198,0.111191
769,1.21579,0.0100616,0.113423
769,1.27991,0.0114454,0.110178
769,1.26966,0.00875746,0.110077
770,1.14003,0.00922969,0.117633
770,1.13438,0.0136613,0.111231
770,1.18415,0.00955106,0.110868
770,1.3114,0.0092506,0.113191
770,1.24917,0.0104911,0.115668
770,1.12524,0.00843218,0.118044
770,1.10095,0.00876097,0.116054
770,1.194,0.00833779,0.112893
770,1.15412,0.00959354,0.113956
770,1.18731,0.00907931,0.112834
770,1.21044,0.00983577,0.110933
770,1.13206,0.00766987,0.111868
770,1.16185,0.00997593,0.110946
770,1.14667,0.00826283,0.111102
770,1.28701,0.0109189,0.111124
770,1.16607,0.00931581,0.111269
770,1.17504,0.0105458,0.11144
770,1.21581,0.00863926,0.110118
770,1.217,0.010482,0.111205
770,1.19893,0.0100405,0.111143
771,1.17183,0.00715536,0.118419
771,1.2478,0.00735673,0.112424
771,1.20865,0.00950331,0.114526
771,1.20179,0.00966953,0.110879
771,1.2558,0.00791181,0.115461
771,1.24869,0.00961596,0.115979
771,1.21737,0.00773441,0.110773
771,1.16586,0.00994538,0.112347
771,1.23181,0.00793408,0.112161
771,1.19293,0.010282,0.112214
771,1.24493,0.0085948,0.111136
771,1.18189,0.00975556,0.111979
771,1.15291,0.0102782,0.11078
771,1.24281,0.00935008,0.11317
771,1.15414,0.00829496,0.111577
771,1.30243,0.0111425,0.109534
771,1.2102,0.00839719,0.11003
771,1.22746,0.00937337,0.11175
771,1.13407,0.00879502,0.109999
771,1.17699,0.00831832,0.111255
772,1.13831,0.00663996,0.12116
772,1.20009,0.0101292,0.1181
772,1.22613,0.0101691,0.111275
772,1.14823,0.00932395,0.111826
772,1.22271,0.00899616,0.118357
772,1.16081,0.00844406,0.11701
772,1.13742,0.0108385,0.116412
772,1.17599,0.0104156,0.122787
772,1.28181,0.00971271,0.122918
772,1.20539,0.00882161,0.111516
772,1.19548,0.00846552,0.111059
772,1.25568,0.00900621,0.112021
772,1.15127,0.0100135,0.111638
772,1.24698,0.0112053,0.118359
772,1.22743,0.00923273,0.125895
772,1.23897,0.01068,0.117842
772,1.19255,0.00793048,0.148211
772,1.15556,0.0100699,0.124782
772,1.24784,0.00797705,0.11333
772,1.1432,0.00995308,0.112499
773,1.21597,0.0103725,0.127157
773,1.27694,0.00895465,0.117234
773,1.22253,0.00701481,0.113118
773,1.08703,0.00799308,0.117692
773,1.17589,0.012089,0.118579
773,1.20385,0.0130059,0.118745
773,1.06155,0.00749975,0.114949
773,1.24623,0.0110607,0.115931
773,1.14895,0.00793741,0.117641
773,1.22837,0.008414,0.118917
773,1.14342,0.0123963,0.122164
773,1.25843,0.0111197,0.121503
773,1.24134,0.00914148,0.117517
773,1.10593,0.00766219,0.118717
773,1.16659,0.00994864,0.118589
773,1.17915,0.00832331,0.118576
773,1.12023,0.00851157,0.116496
773,1.09911,0.00667595,0.117279
773,1.22765,0.00730969,0.113123
773,1.19464,0.00671501,0.113197
774,1.16228,0.00847582,0.118676
774,1.25781,0.00955189,0.11827
774,1.21385,0.0101491,0.119203
774,1.27851,0.00796472,0.122526
774,1.24876,0.00911205,0.120779
774,1.23968,0.0112382,0.121633
774,1.18781,0.00704549,0.11556
774,1.17586,0.00761124,0.113277
774,1.15681,0.00818943,0.122205
774,1.13063,0.00733711,0.121931
774,1.1932,0.00906471,0.133262
774,1.22269,0.00995555,0.134128
774,1.16433,0.0101113,0.117944
774,1.1523,0.00770877,0.118507
774,1.12504,0.0107385,0.118875
774,1.21955,0.0084096,0.119867
774,1.28651,0.00880161,0.116265
774,1.20696,0.011518,0.114109
774,1.19161,0.00881634,0.119189
774,1.13252,0.0089719,0.118021
775,1.21385,0.00941023,0.165479
775,1.22592,0.00911086,0.120939
775,1.28819,0.00769877,0.114455
775,1.1216,0.0103003,0.116018
775,1.12129,0.00865353,0.114985
775,1.19125,0.0100155,0.114639
775,1.21278,0.010794,0.113753
775,1.13682,0.00868202,0.123687
775,1.19099,0.01049,0.127171
775,1.20562,0.00809911,0.120501
775,1.28231,0.00745427,0.125989
775,1.22751,0.0086682,0.123942
775,1.20725,0.00805922,0.119458
775,1.25004,0.00990099,0.119316
775,1.21657,0.00956899,0.119084
775,1.18335,0.00701871,0.11822
775,1.12714,0.00889103,0.114399
775,1.24265,0.00756268,0.113703
775,1.16471,0.00915673,0.121559
775,1.19153,0.0108456,0.117701
776,1.21061,0.00755473,0.128696
776,1.13528,0.0102795,0.121068
776,1.18713,0.00988081,0.118311
776,1.28709,0.0104477,0.12027
776,1.1825,0.00845919,0.119926
776,1.23811,0.0110339,0.119102
776,1.18223,0.00938136,0.122573
776,1.17587,0.00952488,0.119675
776,1.22031,0.00858675,0.121896
776,1.23436,0.00957507,0.120275
776,1.23411,0.00936098,0.121569
776,1.22647,0.00732197,0.124664
776,1.18979,0.00829202,0.118692
776,1.18203,0.00925405,0.120355
776,1.21199,0.00883533,0.123873
776,1.22161,0.00853188,0.117108
776,1.11136,0.00762271,0.117043
776,1.22835,0.0109843,0.120204
776,1.14637,0.00734724,0.121213
776,1.22461,0.0120773,0.120244
777,1.17983,0.0114888,0.124102
777,1.18028,0.00852727,0.119348
777,1.19377,0.00940388,0.117749
777,1.24645,0.00929069,0.1153
777,1.21133,0.0104535,0.116281
777,1.21045,0.00646731,0.121406
777,1.1901,0.00958563,0.118451
777,1.18523,0.0077987,0.119872
777,1.2072,0.00778891,0.124421
777,1.1928,0.00729976,0.122618
777,1.18249,0.0101964,0.120446
777,1.19901,0.011145,0.119133
777,1.14209,0.00854767,0.118823
777,1.23192,0.010205,0.120259
777,1.16329,0.00853823,0.123103
777,1.25125,0.00962532,0.140929
777,1.24543,0.0119596,0.124358
777,1.15623,0.00784858,0.117834
777,1.24602,0.0109262,0.119266
777,1.16205,0.00874726,0.11619
778,1.17627,0.0104023,0.131189
778,1.24757,0.00729029,0.120852
778,1.2119,0.00781287,0.12468
778,1.16461,0.0110809,0.147783
778,1.14971,0.00861118,0.125601
778,1.24394,0.0078467,0.119435
778,1.29609,0.0115318,0.120889
778,1.12047,0.00675315,0.121131
778,1.12031,0.00879358,0.122863
778,1.25877,0.00911133,0.122837
778,1.23604,0.00680494,0.12289
778,1.20822,0.00919337,0.124775
778,1.1391,0.00877833,0.124558
778,1.21937,0.0121543,0.134563
778,1.16257,0.007991,0.140393
778,1.17666,0.00767728,0.138006
778,1.19614,0.00832811,0.115584
778,1.16882,0.00916522,0.118751
778,1.12459,0.00891218,0.117409
778,1.32055,0.0108592,0.12177
779,1.18891,0.009949,0.126953
779,1.15067,0.00876217,0.117115
779,1.22372,0.00799763,0.12301
779,1.19147,0.0102042,0.12617
779,1.24372,0.00859751,0.125689
779,1.18477,0.0106046,0.123178
779,1.18393,0.00797546,0.123109
779,1.25456,0.00894902,0.13128
779,1.24583,0.0112452,0.145565
779,1.12842,0.00992394,0.129193
779,1.18447,0.00794049,0.122495
779,1.18725,0.0077185,0.117908
779,1.14509,0.0101072,0.114781
779,1.19898,0.00882333,0.115787
779,1.14488,0.0123501,0.138492
779,1.19376,0.00784079,0.133835
779,1.18485,0.00980795,0.136935
779,1.18036,0.0137523,0.130369
779,1.2455,0.00736371,0.119787
779,1.19259,0.0109772,0.126879
780,1.22067,0.00732923,0.182874
780,1.24751,0.00883752,0.133168
780,1.21011,0.00865223,0.128908
780,1.24691,0.00962887,0.129899
780,1.22378,0.00779577,0.124377
780,1.13103,0.0066921,0.122147
780,1.1826,0.00981021,0.126579
780,1.28776,0.00979616,0.120237
780,1.17552,0.00721331,0.121031
780,1.24919,0.00796711,0.12169
780,1.24884,0.00743391,0.118015
780,1.18591,0.00860687,0.12538
780,1.14029,0.00718809,0.121853
780,1.18841,0.0094936,0.117488
780,1.09674,0.00879907,0.116175
780,1.232,0.00740917,0.122912
780,1.188,0.00882936,0.120017
780,1.1934,0.0089912,0.116761
780,1.3035,0.00977203,0.115763
780,1.10693,0.00917341,0.125227
781,1.2004,0.00872454,0.130306
781,1.17719,0.00854393,0.123692
781,1.19122,0.0067135,0.12376
781,1.23384,0.0088776,0.155109
781,1.13105,0.00950259,0.128615
781,1.16199,0.00952559,0.133328
781,1.18628,0.0105351,0.130477
781,1.24941,0.00755925,0.134165
781,1.21989,0.00830078,0.11981
781,1.21517,0.00776508,0.118001
781,1.25272,0.0118409,0.11619
781,1.21767,0.00678682,0.117133
781,1.18431,0.00808021,0.119136
781,1.24787,0.0158086,0.117813
781,1.28514,0.00730572,0.123552
781,1.28251,0.0102944,0.122508
781,1.20592,0.0118489,0.119614
781,1.23821,0.0101606,0.122684
781,1.25515,0.00984702,0.125332
781,1.20185,0.00897848,0.122984
782,1.22909,0.010818,0.131035
782,1.30983,0.00940266,0.125314
782,1.21188,0.0111164,0.121409
782,1.18785,0.0107214,0.123612
782,1.21643,0.00939085,0.125815
782,1.14252,0.00833638,0.131571
782,1.18716,0.0104679,0.125465
782,1.21824,0.0101519,0.122307
782,1.20968,0.00734388,0.118841
782,1.28719,0.00849295,0.117637
782,1.27835,0.00853338,0.122376
782,1.08179,0.00652287,0.118805
782,1.2352,0.00958423,0.119228
782,1.24671,0.00805385,0.119346
782,1.2248,0.00848334,0.125635
782,1.17763,0.0106074,0.118421
782,1.11042,0.00752778,0.119269
782,1.16748,0.00791892,0.124903
782,1.22928,0.0095116,0.129062
782,1.17758,0.0071789,0.127367
783,1.24453,0.00764364,0.136119
783,1.24844,0.0076973,0.126171
783,1.24931,0.0100123,0.122065
783,1.18948,0.00737097,0.124148
783,1.2072,0.0090294,0.129949
783,1.16878,0.00836164,0.12757
783,1.1852,0.0129531,0.119046
783,1.19089,0.00893131,0.126191
783,1.23524,0.00882168,0.121437
783,1.17019,0.00932821,0.122283
783,1.18276,0.00875943,0.118205
783,1.24371,0.0100869,0.118875
783,1.19301,0.0092986,0.118236
783,1.18857,0.00921602,0.118736
783,1.32888,0.0106971,0.117866
783,1.27496,0.00775994,0.120443
783,1.1887,0.00756034,0.124903
783,1.2137,0.00896992,0.121359
783,1.29959,0.0117596,0.122044
783,1.16257,0.00899351,0.119994
784,1.24911,0.0133084,0.127751
784,1.21089,0.00927271,0.124734
784,1.18473,0.0106011,0.122015
784,1.16425,0.00826202,0.120202
784,1.11653,0.0100303,0.119769
784,1.19568,0.00790775,0.12013
784,1.24854,0.00876436,0.118365
784,1.14062,0.00794356,0.123779
784,1.21897,0.00717283,0.120562
784,1.18581,0.0103771,0.121021
784,1.25608,0.0109345,0.123659
784,1.20114,0.00862818,0.129055
784,1.17904,0.010905,0.120524
784,1.25875,0.0116983,0.116885
784,1.11042,0.0115074,0.12131
784,1.24457,0.00944376,0.124028
784,1.25277,0.00839712,0.122668
784,1.12459,0.00702164,0.120485
784,1.1537,0.00992753,0.121312
784,1.22181,0.0118482,0.119886
785,1.12649,0.00973917,0.128647
785,1.15561,0.00987169,0.122706
785,1.12184,0.00717602,0.12758
785,1.26908,0.00711291,0.122441
785,1.12904,0.0074879,0.116377
785,1.15988,0.00827077,0.121486
785,1.16296,0.0098856,0.12308
785,1.21654,0.00977546,0.123651
785,1.21615,0.00920344,0.12771
785,1.19,0.00836944,0.119499
785,1.18852,0.00860113,0.1174
785,1.18454,0.0105713,0.119095
785,1.1682,0.00872119,0.120944
785,1.24662,0.0104431,0.119372
785,1.2192,0.0091676,0.121753
785,1.16601,0.00976868,0.125679
785,1.26846,0.01134,0.12139
785,1.18093,0.00863646,0.120966
785,1.26557,0.00862018,0.122036
785,1.21224,0.00959535,0.120836
786,1.15446,0.00734536,0.164207
786,1.28304,0.0106063,0.13089
786,1.29067,0.00921187,0.12383
786,1.13249,0.00938353,0.126727
786,1.18486,0.00665211,0.119228
786,1.24154,0.00693508,0.119982
786,1.22387,0.010028,0.118398
786,1.21345,0.00925768,0.122675
786,1.24499,0.00789404,0.119008
786,1.26636,0.0107782,0.117169
786,1.24963,0.00863748,0.12116
786,1.17823,0.0103394,0.122783
786,1.26564,0.00833531,0.123378
786,1.15917,0.00837939,0.125949
786,1.16354,0.00660258,0.126135
786,1.23383,0.0099574,0.123656
786,1.15719,0.0108685,0.129413
786,1.21202,0.00779895,0.126404
786,1.22903,0.00696896,0.127358
786,1.15697,0.00669672,0.12627
787,1.29315,0.00818845,0.134989
787,1.18717,0.0105916,0.126232
787,1.19024,0.00778711,0.123382
787,1.24431,0.0116986,0.122129
787,1.26749,0.00780456,0.124742
787,1.19543,0.00976911,0.125751
787,1.17279,0.0107749,0.119802
787,1.15123,0.00988315,0.118036
787,1.23257,0.00789188,0.119374
787,1.11982,0.00729329,0.127364
787,1.24098,0.00918454,0.125499
787,1.20296,0.00801808,0.126782
787,1.2705,0.00849817,0.125877
787,1.14573,0.0111352,0.122351
787,1.26468,0.0084967,0.124889
787,1.20163,0.00853814,0.139573
787,1.16728,0.00696254,0.128777
787,1.22673,0.00916338,0.128022
787,1.21,0.0086476,0.126299
787,1.15691,0.00741163,0.121904
788,1.24758,0.00850925,0.131464
788,1.18017,0.0103603,0.119857
788,1.16226,0.00786573,0.11794
788,1.16346,0.00867912,0.122597
788,1.27987,0.0109227,0.124152
788,1.21405,0.00833808,0.124556
788,1.18551,0.0102313,0.123047
788,1.15181,0.00913065,0.121236
788,1.16848,0.00900836,0.118503
788,1.13599,0.00807644,0.120469
788,1.23903,0.0121387,0.127577
788,1.12931,0.0113681,0.124074
788,1.12423,0.00728913,0.123202
788,1.12679,0.0146267,0.126745
788,1.17183,0.00756117,0.12886
788,1.1828,0.00956956,0.125511
788,1.28449,0.00913549,0.126398
788,1.2125,0.00788836,0.127356
788,1.18243,0.0117688,0.125232
788,1.1404,0.0079336,0.12309
789,1.2054,0.00675967,0.12582
789,1.19098,0.0112654,0.120481
789,1.18758,0.0136966,0.119992
789,1.16969,0.00957502,0.120516
789,1.24023,0.0072259,0.120304
789,1.23157,0.00950465,0.117472
789,1.16986,0.00900658,0.124372
789,1.23211,0.0120587,0.13562
789,1.16773,0.0090151,0.126057
789,1.21055,0.00896189,0.122815
789,1.17553,0.0131176,0.124198
789,1.24338,0.0115415,0.122087
789,1.26825,0.0110758,0.127047
789,1.14251,0.00853188,0.13053
789,1.27285,0.00720795,0.127206
789,1.14734,0.00773918,0.127442
789,1.152,0.0085969,0.133299
789,1.24017,0.00791498,0.127101
789,1.18381,0.0117758,0.126764
789,1.18368,0.00946793,0.128949
790,1.17662,0.00688827,0.162421
790,1.24068,0.011381,0.122932
790,1.23577,0.00816162,0.124973
790,1.28907,0.00971518,0.12398
790,1.12686,0.00945313,0.119023
790,1.30798,0.00857774,0.119056
790,1.21659,0.00638269,0.123905
790,1.19553,0.00873399,0.124039
790,1.1233,0.00777789,0.124277
790,1.1591,0.00849941,0.123685
790,1.21883,0.00910533,0.122173
790,1.30917,0.00987484,0.123452
790,1.20646,0.00902742,0.127898
790,1.21158,0.00878079,0.127982
790,1.20676,0.00757433,0.122803
790,1.17648,0.00845239,0.122243
790,1.17742,0.00726818,0.125177
790,1.28644,0.00898205,0.121145
790,1.15044,0.00729862,0.120649
790,1.21296,0.0124261,0.119397
791,1.20989,0.0102621,0.129657
791,1.24065,0.00759772,0.121094
791,1.1964,0.00771874,0.120735
791,1.23432,0.00810046,0.120317
791,1.24457,0.00797092,0.122733
791,1.11561,0.0116244,0.133139
791,1.21108,0.00980364,0.129065
791,1.20697,0.00852669,0.126561
791,1.23901,0.00948815,0.125105
791,1.17522,0.0103025,0.125666
791,1.20343,0.0106553,0.128403
791,1.14562,0.00823962,0.127913
791,1.27336,0.0130319,0.126734
791,1.17648,0.00658677,0.12553
791,1.16113,0.0103208,0.125357
791,1.21005,0.0110352,0.126485
791,1.21881,0.00984504,0.121874
791,1.15937,0.00847107,0.121667
791,1.2621,0.00995151,0.126828
791,1.19074,0.00735261,0.122745
792,1.18874,0.00859411,0.127798
792,1.22379,0.00761437,0.121827
792,1.20598,0.00980802,0.12076
792,1.24998,0.00781795,0.123694
792,1.19402,0.00864953,0.127291
792,1.26292,0.0098641,0.123604
792,1.23913,0.00755239,0.124018
792,1.20373,0.0114739,0.128381
792,1.23972,0.00822354,0.131923
792,1.17135,0.00912633,0.125934
792,1.18708,0.0107985,0.125837
792,1.19141,0.00764077,0.125359
792,1.27669,0.0126965,0.12135
792,1.21249,0.0111779,0.123836
792,1.15939,0.00885844,0.12891
792,1.19619,0.00909896,0.125048
792,1.16448,0.00851751,0.121234
792,1.20019,0.00872173,0.123135
792,1.14929,0.00826363,0.128717
792,1.27831,0.00833632,0.123612
793,1.25127,0.00652307,0.126577
793,1.23675,0.00813617,0.12342
793,1.16449,0.00956081,0.125086
793,1.15082,0.00858573,0.128768
793,1.1612,0.00875717,0.128729
793,1.29032,0.00930766,0.122864
793,1.16389,0.00725064,0.123041
793,1.22814,0.00779203,0.12419
793,1.12564,0.00843105,0.125874
793,1.25295,0.00924312,0.124813
793,1.17636,0.0087025,0.123637
793,1.11637,0.00904206,0.12849
793,1.26784,0.00938837,0.126513
793,1.22214,0.0149144,0.124185
793,1.21833,0.00733942,0.12029
793,1.19385,0.011308,0.119643
793,1.23487,0.0112482,0.121359
793,1.26229,0.0129758,0.128539
793,1.21621,0.0076371,0.124359
793,1.14869,0.00764347,0.124034
794,1.15054,0.00706412,0.164888
794,1.26323,0.0111663,0.12604
794,1.17989,0.00852917,0.138024
794,1.15491,0.0108795,0.128454
794,1.1899,0.00881247,0.124074
794,1.22023,0.00829036,0.123214
794,1.19296,0.00803392,0.146414
794,1.19961,0.00800606,0.127628
794,1.15581,0.00727257,0.122368
794,1.1013,0.00601612,0.124437
794,1.16792,0.00758986,0.133185
794,1.13336,0.00795659,0.127212
794,1.26316,0.00905494,0.124344
794,1.16413,0.0128838,0.130088
794,1.20222,0.00947981,0.124085
794,1.23398,0.00900364,0.12276
794,1.25044,0.0077294,0.123937
794,1.23903,0.00883855,0.122602
794,1.17245,0.010677,0.121935
794,1.28953,0.00775648,0.124696
795,1.18779,0.00836497,0.128977
795,1.23015,0.00637642,0.12338
795,1.20017,0.00821751,0.134376
795,1.24596,0.00817076,0.127937
795,1.30488,0.0105412,0.123543
795,1.24825,0.0113779,0.124196
795,1.21825,0.00910913,0.128444
795,1.2733,0.00908851,0.122204
795,1.10426,0.00693076,0.121367
795,1.27326,0.00882086,0.122434
795,1.24017,0.00881556,0.122325
795,1.1721,0.00769683,0.122837
795,1.22665,0.00984739,0.122499
795,1.25374,0.0113972,0.122241
795,1.1627,0.0102556,0.122665
795,1.21647,0.00940467,0.120609
795,1.23847,0.00989435,0.122967
795,1.23034,0.0120756,0.124203
795,1.27375,0.00956782,0.123545
795,1.24392,0.0134689,0.125742
796,1.19465,0.00695944,0.130549
796,1.22972,0.0120162,0.124733
796,1.16099,0.00730466,0.124373
796,1.25594,0.00994435,0.126966
796,1.17394,0.00825391,0.123748
796,1.19832,0.00915798,0.123669
796,1.15238,0.0095137,0.122489
796,1.18393,0.0120889,0.120133
796,1.18431,0.00839187,0.120394
796,1.26029,0.00986452,0.127179
796,1.24976,0.00976585,0.121972
796,1.22335,0.00886114,0.121674
796,1.28684,0.00841937,0.121716
796,1.20503,0.0097035,0.121223
796,1.21809,0.00812798,0.12091
796,1.27147,0.00716341,0.122458
796,1.18751,0.00904346,0.126228
796,1.21378,0.0123334,0.123726
796,1.15315,0.00814081,0.126609
796,1.14781,0.0107985,0.126041
797,1.22508,0.00708972,0.129839
797,1.2696,0.00811034,0.125362
797,1.14458,0.00821309,0.131441
797,1.1505,0.0111857,0.134673
797,1.12791,0.00902616,0.1246
797,1.27148,0.0103076,0.122206
797,1.20309,0.00815608,0.122535
797,1.22313,0.0129845,0.120865
797,1.20511,0.00796674,0.121401
797,1.13301,0.00745197,0.124993
797,1.19858,0.00969624,0.122282
797,1.16386,0.00758762,0.123382
797,1.21041,0.0106661,0.122793
797,1.23198,0.0110229,0.121615
797,1.20393,0.0121596,0.122681
797,1.16633,0.00760345,0.126124
797,1.26996,0.00787033,0.125129
797,1.15782,0.0074761,0.124061
797,1.14468,0.00755924,0.123918
797,1.15918,0.00842153,0.124936
798,1.15529,0.00912279,0.166131
798,1.19615,0.00703701,0.129121
798,1.19422,0.00682481,0.126851
798,1.2682,0.00928002,0.12246
798,1.205,0.00880095,0.122592
798,1.31945,0.0104499,0.126756
798,1.23426,0.00825781,0.123394
798,1.13748,0.00838367,0.121774
798,1.1778,0.00937088,0.124155
798,1.18228,0.00797373,0.122119
798,1.19531,0.00760939,0.125719
798,1.3116,0.00875947,0.123764
798,1.27593,0.00954679,0.123166
798,1.21832,0.0103023,0.124543
798,1.24954,0.0116559,0.130549
798,1.2648,0.0130016,0.130743
798,1.29307,0.00967041,0.12438
798,1.23265,0.00812436,0.124537
798,1.21288,0.0106051,0.12498
798,1.19995,0.0104205,0.12508
799,1.20447,0.00789989,0.131929
799,1.15885,0.00801146,0.124885
799,1.1855,0.00903895,0.122072
799,1.20297,0.00761639,0.124548
799,1.22171,0.0074617,0.122467
799,1.21457,0.0132636,0.127649
799,1.26659,0.00945088,0.124603
799,1.19977,0.00775612,0.124108
799,1.12788,0.0101401,0.127103
799,1.15528,0.00827808,0.122432
799,1.16433,0.00883312,0.124298
799,1.17785,0.00878658,0.12689
799,1.17139,0.00951236,0.127051
799,1.22117,0.0104363,0.127164
799,1.14129,0.0060352,0.127916
799,1.15318,0.0115166,0.12647
799,1.20385,0.00829407,0.127969
799,1.18065,0.00850591,0.127841
799,1.19445,0.0090876,0.124866
799,1.22076,0.00968232,0.127149
800,1.1854,0.00736296,0.129727
800,1.19946,0.00762977,0.121619
800,1.23543,0.0105239,0.121905
800,1.20892,0.00887233,0.121497
800,1.22017,0.00875458,0.124104
800,1.30366,0.0088397,0.122201
800,1.12264,0.00754049,0.120901
800,1.23504,0.00944502,0.123736
800,1.19224,0.0111657,0.12294
800,1.19148,0.00751704,0.122366
800,1.18405,0.00912783,0.127048
800,1.2289,0.0107304,0.126856
800,1.24021,0.00756188,0.125643
800,1.16795,0.00817952,0.129917
800,1.19478,0.0102537,0.126845
800,1.23359,0.00991288,0.125854
800,1.13542,0.00613381,0.145792
800,1.23405,0.0110978,0.132601
800,1.20096,0.00733343,0.122462
800,1.15292,0.00871438,0.125341
801,1.147,0.00725137,0.132492
801,1.21795,0.00889588,0.126226
801,1.27298,0.0083033,0.128543
801,1.13493,0.00832173,0.124796
801,1.09962,0.00680522,0.123235
801,1.20516,0.00880486,0.124953
801,1.19875,0.00778604,0.123958
801,1.2123,0.0125498,0.12458
801,1.26567,0.00913682,0.127575
801,1.18047,0.00854708,0.132211
801,1.13201,0.0100032,0.126182
801,1.25866,0.00817275,0.124567
801,1.16747,0.0101199,0.125406
801,1.24924,0.00712262,0.12698
801,1.16375,0.00690752,0.125146
801,1.20261,0.0084388,0.125672
801,1.20543,0.00727728,0.126125
801,1.23253,0.00803178,0.121917
801,1.26917,0.0101427,0.122379
801,1.2171,0.00889651,0.124247
802,1.18383,0.0119154,0.167307
802,1.22649,0.00958156,0.123876
802,1.22344,0.00980346,0.123362
802,1.32938,0.0115076,0.121437
802,1.23735,0.00994323,0.122623
802,1.16968,0.00823034,0.122332
802,1.16904,0.00829594,0.127123
802,1.19002,0.00806567,0.125725
802,1.2363,0.00967901,0.128311
802,1.21522,0.0078195,0.12712
802,1.25402,0.00845356,0.12548
802,1.20502,0.00803932,0.131614
802,1.19813,0.0111111,0.130025
802,1.19863,0.00838672,0.128073
802,1.26785,0.0092159,0.125042
802,1.17432,0.00938252,0.124913
802,1.19964,0.00839581,0.123335
802,1.18394,0.0108191,0.12254
802,1.21393,0.0101492,0.126536
802,1.18706,0.00620753,0.125377
803,1.20318,0.00839813,0.128603
803,1.19137,0.0100685,0.124569
803,1.18965,0.00732947,0.127985
803,1.24043,0.0121497,0.13042
803,1.19192,0.00936445,0.127059
803,1.17984,0.00748934,0.129588
803,1.19869,0.00691691,0.127387
803,1.23882,0.0118025,0.132889
803,1.2611,0.00997139,0.135208
803,1.18835,0.0113258,0.131145
803,1.14793,0.00877478,0.125706
803,1.144,0.00591582,0.128638
803,1.13366,0.00924089,0.133213
803,1.19915,0.00878044,0.131833
803,1.13704,0.0095163,0.131057
803,1.14682,0.00753786,0.127358
803,1.21824,0.00714717,0.127068
803,1.17101,0.00911124,0.125983
803,1.20265,0.00853298,0.130874
803,1.20072,0.00710043,0.135029
804,1.25977,0.0107256,0.138821
804,1.18534,0.00856179,0.127257
804,1.1869,0.00871203,0.127529
804,1.18712,0.00964566,0.128439
804,1.21833,0.00706822,0.13592
804,1.1939,0.0098251,0.128963
804,1.28695,0.00815182,0.130387
804,1.20949,0.010256,0.127839
804,1.1193,0.012598,0.127392
804,1.15073,0.00633698,0.126618
804,1.1395,0.00976114,0.12839
804,1.15179,0.00693046,0.126443
804,1.17664,0.0114682,0.124232
804,1.18897,0.00746539,0.124543
804,1.23563,0.00920259,0.124276
804,1.10637,0.0088618,0.124281
804,1.17455,0.00918057,0.126033
804,1.14515,0.00741502,0.134356
804,1.22626,0.00880812,0.130794
804,1.1808,0.00820813,0.128088
805,1.13625,0.00744206,0.133208
805,1.15438,0.009441,0.126264
805,1.20387,0.00955754,0.127001
805,1.21292,0.00918689,0.1277
805,1.1601,0.00776402,0.125779
805,1.18811,0.00885853,0.13081
805,1.18694,0.010399,0.138834
805,1.17758,0.00790827,0.128901
805,1.1989,0.00940445,0.127681
805,1.2072,0.0106002,0.126678
805,1.22657,0.00885503,0.125297
805,1.22154,0.00809527,0.125769
805,1.15391,0.00814169,0.130017
805,1.19175,0.00835894,0.126264
805,1.16825,0.00744594,0.125551
805,1.26237,0.00809671,0.125802
805,1.24025,0.00755658,0.1331
805,1.18191,0.0073219,0.130706
805,1.16123,0.00784526,0.13005
805,1.21784,0.00848643,0.128798
806,1.15666,0.00811849,0.13764
806,1.15179,0.00941649,0.129997
806,1.23984,0.00892162,0.129998
806,1.19896,0.0085074,0.129407
806,1.27591,0.0101071,0.128628
806,1.17597,0.0083923,0.130899
806,1.17417,0.00868891,0.127975
806,1.19055,0.00818434,0.12367
806,1.22483,0.00857147,0.127103
806,1.19037,0.00925469,0.123263
806,1.19871,0.0100725,0.122231
806,1.17839,0.00834208,0.127223
806,1.16206,0.0069153,0.126439
806,1.14868,0.0105718,0.124205
806,1.16481,0.00747572,0.123859
806,1.19351,0.00845881,0.131498
806,1.24685,0.0103647,0.126276
806,1.19457,0.00942955,0.124993
806,1.23164,0.00743883,0.128205
806,1.17994,0.00830607,0.130515
807,1.18094,0.0102894,0.180447
807,1.18706,0.0085981,0.13227
807,1.29166,0.00897298,0.131332
807,1.20201,0.0078191,0.143793
807,1.20079,0.00994386,0.14162
807,1.2071,0.00924358,0.123912
807,1.18843,0.010166,0.124549
807,1.219,0.011354,0.125689
807,1.18223,0.00851459,0.124629
807,1.21367,0.0104695,0.127614
807,1.17307,0.00742632,0.129478
807,1.1363,0.00997626,0.127247
807,1.15996,0.0101144,0.125645
807,1.18173,0.00784168,0.129582
807,1.2959,0.00831469,0.128726
807,1.24681,0.00815947,0.130155
807,1.19423,0.00914682,0.129226
807,1.20698,0.00958548,0.129022
807,1.1728,0.011274,0.127682
807,1.22526,0.00917071,0.129836
808,1.18307,0.00872487,0.131764
808,1.17848,0.00984408,0.124067
808,1.11502,0.00755322,0.124206
808,1.1963,0.00773264,0.126039
808,1.24849,0.0103075,0.126454
808,1.15955,0.0101022,0.127916
808,1.21325,0.0134093,0.125288
808,1.20835,0.00841846,0.122774
808,1.15051,0.00762063,0.122163
808,1.18386,0.00730803,0.122909
808,1.16633,0.0074143,0.123219
808,1.12194,0.0105392,0.123774
808,1.24399,0.00909261,0.131073
808,1.23705,0.0106656,0.128975
808,1.13457,0.00798324,0.129603
808,1.32688,0.0116952,0.127041
808,1.19826,0.00795718,0.140038
808,1.21291,0.0110761,0.141137
808,1.1898,0.00929298,0.140782
808,1.16243,0.00862998,0.129196
809,1.13581,0.00905368,0.134756
809,1.1546,0.00825473,0.137742
809,1.24732,0.00861858,0.141356
809,1.20874,0.0109369,0.132149
809,1.21625,0.0068326,0.125998
809,1.29884,0.00925513,0.13162
809,1.22562,0.0114872,0.133976
809,1.28637,0.00955673,0.13664
809,1.18568,0.00734336,0.131354
809,1.19964,0.00725975,0.127433
809,1.16618,0.00904957,0.127572
809,1.17679,0.00854337,0.185562
809,1.22122,0.00860536,0.142666
809,1.19159,0.00751091,0.143991
809,1.19283,0.00859533,0.135509
809,1.16443,0.0089802,0.151396
809,1.22277,0.00820332,0.131645
809,1.18401,0.00758489,0.132409
809,1.24939,0.00680996,0.149195
809,1.19283,0.00957275,0.148417
810,1.1756,0.00898616,0.146468
810,1.14744,0.00779253,0.134805
810,1.19428,0.0106019,0.139709
810,1.2444,0.0084789,0.134902
810,1.31268,0.00990317,0.130503
810,1.18424,0.00787849,0.131023
810,1.09271,0.00997941,0.132549
810,1.22135,0.00732058,0.131811
810,1.14932,0.00807893,0.134806
810,1.24679,0.00699035,0.13711
810,1.23516,0.00937628,0.133682
810,1.21036,0.00817903,0.133907
810,1.23891,0.00746907,0.132452
810,1.20222,0.00880442,0.132191
810,1.21514,0.00939277,0.132102
810,1.20987,0.00799631,0.131068
810,1.08934,0.00916948,0.128527
810,1.14096,0.0097237,0.129085
810,1.18784,0.0107859,0.129865
810,1.20094,0.0113209,0.127858
811,1.22855,0.00915097,0.174596
811,1.19595,0.00903738,0.131286
811,1.19307,0.00826355,0.128839
811,1.23952,0.00923965,0.132736
811,1.24201,0.00879032,0.130876
811,1.14117,0.00857776,0.130783
811,1.1764,0.00741486,0.133659
811,1.2216,0.00649573,0.132329
811,1.22531,0.00918768,0.131487
811,1.18462,0.0101633,0.134417
811,1.11751,0.0102422,0.133042
811,1.24484,0.00969768,0.13029
811,1.1708,0.00686297,0.131823
811,1.20787,0.00942059,0.129589
811,1.28999,0.0093776,0.129373
811,1.24036,0.00853672,0.128648
811,1.14582,0.00648479,0.13408
811,1.21588,0.0132116,0.128752
811,1.19883,0.00847439,0.129144
811,1.08193,0.00746174,0.13154
812,1.25692,0.0123706,0.141782
812,1.12857,0.00897767,0.141226
812,1.12985,0.00807692,0.13936
812,1.17431,0.00795334,0.131099
812,1.16496,0.00963744,0.133607
812,1.22588,0.0112729,0.133133
812,1.18384,0.00814034,0.132577
812,1.24003,0.00963629,0.132445
812,1.19202,0.00656981,0.138771
812,1.18179,0.010805,0.131216
812,1.14978,0.00726568,0.132372
812,1.23061,0.00785717,0.133065
812,1.17066,0.00860064,0.128763
812,1.21662,0.00916503,0.12709
812,1.16142,0.00915823,0.127619
812,1.25574,0.0104565,0.138215
812,1.21446,0.00926428,0.130724
812,1.16649,0.00843191,0.132234
812,1.2046,0.00783431,0.133506
812,1.17747,0.00822132,0.133239
813,1.20321,0.00984288,0.141662
813,1.16331,0.00725829,0.132758
813,1.22109,0.00779091,0.134419
813,1.16916,0.00807078,0.134796
813,1.1958,0.00951845,0.134234
813,1.19149,0.00762468,0.133905
813,1.20863,0.0112457,0.149009
813,1.11176,0.0119302,0.136577
813,1.22571,0.00848493,0.129078
813,1.21296,0.0077677,0.13532
813,1.19408,0.00987845,0.132525
813,1.22541,0.00960625,0.131751
813,1.1992,0.00738838,0.138533
813,1.2109,0.00902369,0.131905
813,1.1946,0.00841665,0.129838
813,1.18577,0.0135534,0.134734
813,1.19588,0.00875353,0.133802
813,1.16869,0.00706377,0.137384
813,1.23371,0.00796326,0.134913
813,1.17827,0.00742612,0.139418
814,1.20863,0.0110756,0.144912
814,1.19517,0.0119431,0.136844
814,1.18332,0.0104836,0.134465
814,1.19743,0.00963838,0.132111
814,1.19922,0.00860181,0.136476
814,1.11759,0.00711887,0.136673
814,1.23547,0.00699685,0.132354
814,1.20746,0.0120332,0.130753
814,1.23104,0.00770423,0.131095
814,1.18398,0.00748066,0.131121
814,1.18278,0.00798192,0.13114
814,1.19947,0.00752754,0.13072
814,1.17301,0.00977484,0.133216
814,1.22126,0.0112241,0.135484
814,1.19039,0.00789048,0.135889
814,1.17304,0.00953785,0.133543
814,1.23,0.00766022,0.134758
814,1.18163,0.0102407,0.133822
814,1.24245,0.00794595,0.136459
814,1.18718,0.0111484,0.140424
815,1.2174,0.00728474,0.144229
815,1.15495,0.00714946,0.144399
815,1.21958,0.0091082,0.136077
815,1.18999,0.0107253,0.131558
815,1.20045,0.00838801,0.1291
815,1.23007,0.00730194,0.129007
815,1.1684,0.00856073,0.128912
815,1.26481,0.0106765,0.130405
815,1.11899,0.00618412,0.126847
815,1.16748,0.00835499,0.131461
815,1.15165,0.00832987,0.1479
815,1.19749,0.00860843,0.140052
815,1.22668,0.00803927,0.133832
815,1.21588,0.00809875,0.135124
815,1.23718,0.0145623,0.13207
815,1.08947,0.00983878,0.133335
815,1.17219,0.00756215,0.131939
815,1.18415,0.00960663,0.131709
815,1.21741,0.00829231,0.132345
815,1.24723,0.00980633,0.131003
816,1.14266,0.00750762,0.13031
816,1.14821,0.0113917,0.122911
816,1.26797,0.00914446,0.124742
816,1.19132,0.00696567,0.12125
816,1.16173,0.00935818,0.129031
816,1.19694,0.00921961,0.129091
816,1.13875,0.00735215,0.132509
816,1.24105,0.0077523,0.131836
816,1.1516,0.0090708,0.130693
816,1.18942,0.00759903,0.139746
816,1.21683,0.00861857,0.139735
816,1.18954,0.00996835,0.136802
816,1.13486,0.0119723,0.137193
816,1.1974,0.00954151,0.137015
816,1.20581,0.00970108,0.136214
816,1.24661,0.0113439,0.131714
816,1.21575,0.00875389,0.132882
816,1.11749,0.00872327,0.134656
816,1.14503,0.00901564,0.132146
816,1.17021,0.00795978,0.130788
817,1.18948,0.00717426,0.137655
817,1.2406,0.00773616,0.131796
817,1.25748,0.00937197,0.132078
817,1.13789,0.00894322,0.13938
817,1.24743,0.00764505,0.133166
817,1.2637,0.00958463,0.133591
817,1.16182,0.0123466,0.135184
817,1.19136,0.0096241,0.135162
817,1.12061,0.0085597,0.135594
817,1.1769,0.00945551,0.138611
817,1.22059,0.00833353,0.134178
817,1.25901,0.00773452,0.133548
817,1.19686,0.0115867,0.133969
817,1.26354,0.00843714,0.130154
817,1.23064,0.0100281,0.130586
817,1.21599,0.00766306,0.130488
817,1.1814,0.00879235,0.130469
817,1.16132,0.0084453,0.130224
817,1.20135,0.0101772,0.132404
817,1.16442,0.00686089,0.130252
818,1.30144,0.00996673,0.18263
818,1.18826,0.00759225,0.139298
818,1.20195,0.00995939,0.145813
818,1.21878,0.00882415,0.139769
818,1.1873,0.00785391,0.139987
818,1.17341,0.00885267,0.136009
818,1.20129,0.00915748,0.143264
818,1.27246,0.00725768,0.138216
818,1.1828,0.00898571,0.134856
818,1.28542,0.00880621,0.134676
818,1.30146,0.00853107,0.13356
818,1.19928,0.00798146,0.134554
818,1.18818,0.0069709,0.133447
818,1.22633,0.0118523,0.132571
818,1.2239,0.0117326,0.138806
818,1.18799,0.0101765,0.134736
818,1.19589,0.00797054,0.133329
818,1.29004,0.00736482,0.132993
818,1.16956,0.00780843,0.132907
818,1.15301,0.0104138,0.135715
819,1.22144,0.00766761,0.140491
819,1.18373,0.00784922,0.134822
819,1.16938,0.00764494,0.135833
819,1.11143,0.00799966,0.134712
819,1.22651,0.00859344,0.134964
819,1.17173,0.00759298,0.135515
819,1.17748,0.00849054,0.135012
819,1.16162,0.00914346,0.132868
819,1.2311,0.00779353,0.16948
819,1.24993,0.00792191,0.142272
819,1.21088,0.00948159,0.137705
819,1.19877,0.0101806,0.135305
819,1.23988,0.0106701,0.133949
819,1.20385,0.00798225,0.131154
819,1.21245,0.00783201,0.131166
819,1.28051,0.00939276,0.133233
819,1.18712,0.00863736,0.138852
819,1.14876,0.00657585,0.138134
819,1.16441,0.00914248,0.14135
819,1.19776,0.00975961,0.141365
820,1.14713,0.00913818,0.145299
820,1.22974,0.00964015,0.13238
820,1.19076,0.00871668,0.128603
820,1.19436,0.00761483,0.128707
820,1.11484,0.00727982,0.129594
820,1.21804,0.00907051,0.133777
820,1.18377,0.0111782,0.135312
820,1.14092,0.0096815,0.12799
820,1.19956,0.0105507,0.120911
820,1.16479,0.00996933,0.118095
820,1.15883,0.00758799,0.126337
820,1.22934,0.00951245,0.125048
820,1.21914,0.010003,0.117593
820,1.26158,0.0137848,0.118511
820,1.18058,0.00769154,0.127614
820,1.21412,0.0104569,0.129301
820,1.19521,0.00981315,0.127471
820,1.22235,0.00756629,0.12698
820,1.12269,0.0107451,0.126752
820,1.15019,0.00818142,0.128417
821,1.20519,0.00722993,0.134079
821,1.2888,0.00871556,0.127486
821,1.23151,0.00958282,0.11793
821,1.15882,0.0102634,0.117237
821,1.24097,0.00921997,0.125764
821,1.2057,0.00683244,0.13752
821,1.16881,0.00733941,0.134986
821,1.25009,0.0101017,0.129123
821,1.17406,0.0095434,0.126926
821,1.24958,0.0080645,0.125492
821,1.20968,0.00636675,0.128119
821,1.22116,0.00881749,0.129463
821,1.19257,0.00723253,0.136622
821,1.2171,0.00818886,0.133374
821,1.12338,0.00728668,0.134377
821,1.25834,0.00867338,0.131996
821,1.16103,0.00933208,0.131992
821,1.25263,0.0084372,0.130648
821,1.17437,0.00954398,0.133502
821,1.20752,0.0081367,0.130984
822,1.24429,0.00981442,0.170254
822,1.17829,0.00602523,0.12947
822,1.19533,0.00940236,0.125508
822,1.20241,0.00720531,0.126593
822,1.23685,0.0086006,0.127553
822,1.22356,0.0103557,0.126794
822,1.2088,0.0108142,0.1272
822,1.14464,0.0115887,0.128081
822,1.11792,0.00904252,0.12724
822,1.10861,0.010072,0.13138
822,1.22381,0.00664774,0.134417
822,1.15044,0.00748505,0.131446
822,1.20998,0.0115241,0.133457
822,1.10938,0.00687578,0.133823
822,1.29218,0.00826416,0.13318
822,1.21271,0.00887328,0.133553
822,1.24732,0.0112784,0.133275
822,1.24615,0.0123445,0.130566
822,1.23696,0.00792072,0.127701
822,1.21654,0.0095385,0.130409
823,1.2055,0.0113711,0.132783
823,1.22337,0.0107732,0.128032
823,1.19325,0.00833847,0.126663
823,1.2484,0.00829345,0.128967
823,1.31822,0.00914341,0.12657
823,1.2638,0.00991676,0.127046
823,1.2083,0.00909394,0.130486
823,1.20665,0.00841152,0.140277
823,1.1667,0.00990228,0.133167
823,1.15536,0.00826054,0.133638
823,1.16047,0.00890135,0.13281
823,1.13014,0.00825103,0.144955
823,1.26822,0.00794506,0.134639
823,1.23416,0.00878588,0.131612
823,1.24517,0.00753417,0.132105
823,1.2172,0.00805084,0.130259
823,1.17861,0.00749477,0.126131
823,1.26485,0.00957823,0.132046
823,1.18416,0.00727416,0.129987
823,1.18683,0.007646,0.127557
824,1.24392,0.00712049,0.13414
824,1.23054,0.0171868,0.127576
824,1.18736,0.00850312,0.127081
824,1.15372,0.00779661,0.131159
824,1.18157,0.00704705,0.13163
824,1.2788,0.0107354,0.134402
824,1.24087,0.0072472,0.135257
824,1.19402,0.00742773,0.133972
824,1.17275,0.010123,0.137546
824,1.1669,0.00768008,0.132328
824,1.20063,0.00843032,0.135569
824,1.24432,0.0102062,0.134375
824,1.16577,0.00824654,0.131245
824,1.13487,0.0103836,0.129345
824,1.2009,0.007388,0.128555
824,1.19679,0.00955595,0.129629
824,1.25412,0.00779032,0.13662
824,1.13607,0.00783657,0.128401
824,1.1895,0.00859071,0.126534
824,1.26618,0.0139624,0.129089
825,1.14457,0.00799039,0.139685
825,1.16645,0.00992757,0.129372
825,1.18442,0.0102907,0.134384
825,1.20362,0.00968673,0.137486
825,1.21113,0.00960117,0.13361
825,1.16315,0.00602437,0.133181
825,1.18666,0.0075722,0.136228
825,1.2609,0.0099718,0.133599
825,1.11734,0.00754724,0.133676
825,1.2183,0.0124862,0.134405
825,1.17148,0.00999263,0.129767
825,1.14833,0.00858858,0.127122
825,1.19859,0.00994712,0.139051
825,1.1772,0.00670555,0.137063
825,1.21364,0.00887644,0.130675
825,1.21672,0.00831852,0.128461
825,1.24555,0.00946921,0.129621
825,1.16199,0.00728142,0.129514
825,1.21347,0.00679291,0.128552
825,1.24747,0.0077482,0.128985
826,1.17406,0.00834479,0.180599
826,1.18945,0.00937194,0.137262
826,1.26127,0.0125779,0.132689
826,1.17673,0.00742949,0.134115
826,1.15032,0.00734162,0.134393
826,1.25224,0.00665657,0.134171
826,1.22458,0.0103155,0.133608
826,1.20176,0.00854166,0.134163
826,1.19242,0.00983405,0.128025
826,1.15514,0.00863454,0.127618
826,1.22987,0.00894331,0.129605
826,1.09353,0.00799804,0.131092
826,1.19407,0.0080095,0.129827
826,1.14135,0.00798454,0.128157
826,1.22171,0.00763799,0.130314
826,1.27683,0.00901204,0.12925
826,1.22659,0.0106943,0.12953
826,1.22285,0.00794441,0.13585
826,1.26444,0.0112346,0.133023
826,1.18501,0.00789242,0.132347
827,1.30322,0.00960219,0.140839
827,1.18721,0.0124053,0.134205
827,1.25175,0.00739776,0.133224
827,1.24201,0.00732661,0.135556
827,1.1942,0.0118376,0.136677
827,1.1743,0.00895401,0.140356
827,1.15628,0.00898488,0.132354
827,1.1822,0.00982436,0.132588
827,1.20885,0.0102496,0.128885
827,1.19639,0.00841747,0.161674
827,1.19444,0.00921964,0.128175
827,1.24937,0.0123022,0.128284
827,1.19467,0.0074818,0.130533
827,1.14806,0.00689603,0.129763
827,1.20401,0.00755259,0.133257
827,1.22561,0.00895618,0.136234
827,1.20345,0.00739548,0.13432
827,1.23014,0.00853676,0.136339
827,1.11582,0.00731488,0.143611
827,1.24081,0.0103257,0.143242
828,1.25697,0.00638274,0.139552
828,1.257,0.00959121,0.138108
828,1.1864,0.00859354,0.136697
828,1.22081,0.00713285,0.14197
828,1.16076,0.0100927,0.136195
828,1.23218,0.00843317,0.131455
828,1.15677,0.00757441,0.138608
828,1.16771,0.012842,0.136947
828,1.24351,0.0103871,0.130248
828,1.2923,0.00924862,0.144897
828,1.17848,0.00761149,0.149894
828,1.20152,0.00820959,0.137367
828,1.28004,0.010114,0.138289
828,1.2074,0.00635476,0.185882
828,1.14034,0.00761004,0.152103
828,1.1841,0.00891301,0.144496
828,1.1338,0.00725181,0.152346
828,1.11786,0.00732764,0.172882
828,1.2217,0.0130668,0.136017
828,1.11011,0.00768818,0.138029
829,1.26747,0.0105716,0.151099
829,1.23874,0.00837412,0.139264
829,1.26659,0.0104749,0.133771
829,1.22031,0.00862224,0.132735
829,1.28314,0.0087587,0.138738
829,1.27178,0.0100057,0.13532
829,1.22102,0.00887497,0.136568
829,1.20949,0.00932752,0.141849
829,1.23264,0.0103601,0.140568
829,1.17202,0.00985942,0.138484
829,1.24526,0.00789387,0.13987
829,1.23147,0.0104846,0.138183
829,1.2877,0.00880207,0.140024
829,1.19899,0.00891422,0.141377
829,1.16349,0.00856863,0.140366
829,1.21223,0.0065623,0.13561
829,1.27353,0.00933304,0.138596
829,1.22886,0.00710657,0.138439
829,1.1934,0.00805273,0.137266
829,1.15687,0.00793596,0.137292
830,1.25415,0.00757978,0.182899
830,1.24092,0.012099,0.139002
830,1.23509,0.0106042,0.137869
830,1.14694,0.00900336,0.138993
830,1.19148,0.0082956,0.141413
830,1.23591,0.00801252,0.143539
830,1.18616,0.010783,0.142149
830,1.17933,0.00996033,0.145947
830,1.14134,0.0101122,0.155912
830,1.26135,0.00784329,0.144219
830,1.20475,0.00796554,0.144304
830,1.15524,0.00893929,0.137603
830,1.11381,0.00685984,0.136135
830,1.27451,0.00898726,0.137762
830,1.16568,0.0093577,0.135503
830,1.10321,0.00692959,0.134975
830,1.23929,0.00825256,0.137246
830,1.1794,0.00673157,0.141005
830,1.21332,0.00982082,0.139266
830,1.17196,0.0101239,0.134761
831,1.19056,0.0107067,0.148343
831,1.16239,0.012216,0.13967
831,1.21354,0.00682629,0.142004
831,1.11533,0.0091719,0.140171
831,1.11919,0.00789267,0.142777
831,1.2044,0.00765911,0.14463
831,1.18379,0.00904339,0.148168
831,1.17483,0.00914394,0.144092
831,1.18631,0.00861467,0.137699
831,1.22111,0.00720669,0.136255
831,1.16848,0.00944822,0.148911
831,1.12996,0.00816984,0.152905
831,1.21737,0.00692412,0.137618
831,1.29459,0.00842363,0.140138
831,1.24544,0.0103969,0.147412
831,1.1486,0.00816184,0.140496
831,1.22918,0.00833164,0.140347
831,1.26896,0.00720792,0.141505
831,1.27359,0.0100891,0.141879
831,1.20233,0.00890272,0.142537
832,1.21259,0.0107974,0.155089
832,1.18453,0.00669547,0.147795
832,1.15529,0.00694884,0.140959
832,1.2349,0.00787491,0.139096
832,1.17187,0.00820242,0.140704
832,1.21171,0.00731683,0.140051
832,1.23991,0.0104802,0.137734
832,1.24276,0.00830755,0.137402
832,1.19864,0.0073621,0.136648
832,1.19802,0.00902842,0.13621
832,1.18185,0.0127125,0.136779
832,1.2447,0.00661007,0.138904
832,1.15308,0.0087936,0.139491
832,1.19983,0.00674901,0.136735
832,1.19568,0.00915417,0.140756
832,1.23477,0.00644486,0.140272
832,1.19148,0.00747891,0.148047
832,1.23994,0.00904952,0.136232
832,1.21839,0.0116488,0.13944
832,1.20487,0.00890237,0.13595
833,1.22083,0.00848816,0.135511
833,1.16044,0.0114648,0.127996
833,1.18647,0.00957713,0.13327
833,1.18941,0.0089676,0.134369
833,1.17949,0.00719158,0.129474
833,1.23467,0.0072927,0.128988
833,1.16416,0.00691369,0.132366
833,1.17716,0.00717467,0.133042
833,1.2215,0.00806306,0.122707
833,1.1928,0.0101627,0.13031
833,1.22041,0.00835327,0.137435
833,1.24071,0.00823667,0.131266
833,1.17109,0.00677589,0.135645
833,1.24605,0.00836044,0.136558
833,1.29223,0.00900985,0.134012
833,1.1868,0.00823977,0.133903
833,1.21729,0.0109644,0.131916
833,1.14456,0.00941596,0.129127
833,1.21666,0.00914963,0.125341
833,1.21339,0.00953672,0.12542
834,1.2432,0.00962189,0.13361
834,1.20283,0.0068065,0.135262
834,1.19081,0.0102531,0.137637
834,1.16325,0.00835398,0.136314
834,1.25345,0.00818441,0.136337
834,1.20379,0.00741328,0.132618
834,1.21599,0.00821806,0.157663
834,1.13975,0.00788674,0.141738
834,1.16476,0.00769969,0.134749
834,1.23422,0.00729695,0.153747
834,1.18598,0.00730267,0.178411
834,1.20268,0.0121435,0.136613
834,1.23336,0.0065554,0.131917
834,1.18218,0.00922725,0.134743
834,1.21881,0.0128029,0.130865
834,1.15106,0.00932346,0.139836
834,1.15955,0.00698001,0.133502
834,1.20162,0.00675521,0.135079
834,1.20262,0.00754691,0.131427
834,1.16455,0.00873119,0.133375
835,1.26026,0.00772368,0.138433
835,1.18571,0.00834086,0.136381
835,1.24306,0.0102947,0.134444
835,1.20729,0.00757609,0.130716
835,1.20366,0.0073232,0.129856
835,1.19768,0.00900143,0.131733
835,1.19638,0.00797464,0.129934
835,1.20875,0.00741582,0.130805
835,1.21712,0.00745757,0.133202
835,1.21878,0.0089701,0.130754
835,1.19407,0.0109222,0.132242
835,1.17143,0.00912018,0.133954
835,1.14849,0.0114591,0.132764
835,1.22053,0.00677728,0.131404
835,1.21457,0.0146948,0.132893
835,1.21287,0.00815498,0.136795
835,1.20953,0.00918063,0.131391
835,1.26618,0.00894436,0.132255
835,1.17495,0.0077541,0.133644
835,1.20482,0.012335,0.131945
836,1.23046,0.00977126,0.140155
836,1.13151,0.00704047,0.131424
836,1.21106,0.00800879,0.131107
836,1.19174,0.00755045,0.134204
836,1.23219,0.0088152,0.135319
836,1.26456,0.0076213,0.133715
836,1.17566,0.00781389,0.132364
836,1.22307,0.00918245,0.132154
836,1.22905,0.00825092,0.130048
836,1.24848,0.0115273,0.133569
836,1.26144,0.00854578,0.132856
836,1.24674,0.00957703,0.132418
836,1.12401,0.00811779,0.130107
836,1.25316,0.0109181,0.1309
836,1.19038,0.00843505,0.130487
836,1.24095,0.00914296,0.131564
836,1.19409,0.00770296,0.138545
836,1.16709,0.0095005,0.129889
836,1.13306,0.00825749,0.132097
836,1.23963,0.0101031,0.132364
837,1.14417,0.00791098,0.174952
837,1.18774,0.00843536,0.135386
837,1.21031,0.00683372,0.132236
837,1.1735,0.00953085,0.130271
837,1.21662,0.00712195,0.132317
837,1.19594,0.00654472,0.160581
837,1.21698,0.00620504,0.14514
837,1.20536,0.00785552,0.138581
837,1.2216,0.00807862,0.133884
837,1.23738,0.00710839,0.133603
837,1.21716,0.0101102,0.229171
837,1.16475,0.00826359,0.163158
837,1.17187,0.00881126,0.134369
837,1.19864,0.00916081,0.135185
837,1.20341,0.00789523,0.136154
837,1.24093,0.00741514,0.168418
837,1.18708,0.00875701,0.140541
837,1.19678,0.00793311,0.135672
837,1.1883,0.010542,0.136129
837,1.19266,0.0121047,0.138494
838,1.18896,0.00943929,0.141108
838,1.14357,0.00787941,0.142267
838,1.29193,0.00857771,0.13818
838,1.17575,0.00947096,0.132825
838,1.16311,0.00747703,0.131687
838,1.18219,0.00790214,0.141611
838,1.16791,0.0085206,0.144574
838,1.22004,0.00758494,0.156269
838,1.20311,0.0077611,0.147378
838,1.3147,0.00865494,0.140432
838,1.20058,0.00786816,0.142292
838,1.18968,0.0078013,0.141581
838,1.18201,0.00965259,0.137048
838,1.32688,0.0120094,0.139427
838,1.25918,0.0111716,0.145025
838,1.17985,0.00982179,0.14248
838,1.17316,0.00842748,0.143156
838,1.21385,0.00960827,0.146141
838,1.26387,0.00893719,0.142929
838,1.19117,0.0104704,0.138088
839,1.24561,0.0113684,0.152265
839,1.23273,0.0111791,0.147486
839,1.23201,0.00987371,0.150064
839,1.17619,0.00670819,0.137249
839,1.1533,0.00950276,0.135752
839,1.21704,0.00751277,0.139632
839,1.23282,0.0108848,0.138074
839,1.18661,0.00874832,0.135935
839,1.12597,0.00662919,0.137865
839,1.26267,0.013,0.135894
839,1.17975,0.0097857,0.13574
839,1.19894,0.0104468,0.137095
839,1.21534,0.00979441,0.139656
839,1.22594,0.00683926,0.142312
839,1.24228,0.00740287,0.140248
839,1.16702,0.0106029,0.145993
839,1.16929,0.00892594,0.142322
839,1.22909,0.00738135,0.144193
839,1.17644,0.007626,0.139305
839,1.26183,0.00711098,0.138629
840,1.20019,0.00806595,0.144415
840,1.21992,0.00761884,0.139212
840,1.23605,0.00847478,0.138918
840,1.28395,0.00768056,0.139186
840,1.22872,0.00689035,0.136425
840,1.1827,0.011721,0.142496
840,1.21846,0.00742805,0.140617
840,1.24976,0.00968781,0.137091
840,1.16171,0.00706673,0.140328
840,1.17394,0.010056,0.146374
840,1.20897,0.00832731,0.146254
840,1.202,0.0076141,0.146257
840,1.16363,0.00724813,0.150237
840,1.24608,0.0104434,0.154354
840,1.17066,0.00740504,0.18426
840,1.1809,0.0111617,0.162042
840,1.25286,0.00792568,0.145723
840,1.19542,0.00706918,0.13973
840,1.22782,0.00852612,0.161559
840,1.19812,0.00994436,0.148219
841,1.28383,0.0087739,0.184649
841,1.23654,0.00694371,0.142983
841,1.16103,0.0079156,0.16173
841,1.12553,0.0090108,0.141747
841,1.23864,0.008613,0.145293
841,1.21454,0.00942208,0.144407
841,1.26565,0.0106363,0.143803
841,1.1726,0.00820519,0.15131
841,1.19107,0.0110057,0.143843
841,1.20064,0.00819585,0.13835
841,1.18115,0.00920183,0.140231
841,1.27032,0.0101487,0.140415
841,1.18682,0.0090649,0.150264
841,1.18244,0.00612557,0.146154
841,1.25784,0.00872411,0.146461
841,1.17051,0.00868661,0.166019
841,1.14186,0.0083039,0.143884
841,1.28788,0.00827094,0.143456
841,1.16792,0.00715129,0.140562
841,1.20834,0.00735477,0.144678
842,1.13392,0.0084168,0.152062
842,1.15869,0.0067115,0.152743
842,1.24289,0.00883752,0.143455
842,1.14203,0.00699305,0.146441
842,1.14566,0.00897802,0.149085
842,1.26496,0.00822662,0.146655
842,1.1669,0.00900411,0.151348
842,1.1891,0.00776133,0.144545
842,1.16889,0.0111093,0.140638
842,1.17744,0.00694452,0.149865
842,1.23453,0.00936766,0.144521
842,1.19202,0.00925151,0.15244
842,1.19547,0.0070925,0.192143
842,1.15623,0.00704026,0.155282
842,1.20364,0.0100493,0.16045
842,1.25979,0.0102149,0.158095
842,1.24589,0.00760429,0.177138
842,1.23309,0.00689094,0.179761
842,1.16423,0.00787613,0.151294
842,1.1573,0.00958499,0.148232
843,1.22956,0.0106882,0.155838
843,1.14899,0.0080875,0.154579
843,1.12637,0.00882849,0.179876
843,1.19799,0.0084457,0.152534
843,1.22962,0.00805181,0.151162
843,1.14105,0.00839587,0.148946
843,1.18482,0.00771196,0.140723
843,1.16422,0.00707815,0.13966
843,1.22194,0.0101619,0.142038
843,1.21567,0.00922219,0.138713
843,1.12183,0.00776269,0.139186
843,1.14306,0.00971389,0.141463
843,1.19991,0.00816326,0.163596
843,1.17519,0.00736815,0.149812
843,1.15766,0.00687496,0.147433
843,1.19509,0.00826339,0.141795
843,1.16817,0.00660132,0.140672
843,1.23794,0.00676153,0.141493
843,1.26688,0.00958317,0.139803
843,1.27676,0.00957828,0.138521
844,1.1592,0.00813347,0.146675
844,1.15408,0.00983122,0.139771
844,1.12272,0.00889942,0.141353
844,1.27434,0.00950182,0.139855
844,1.21393,0.00775027,0.146802
844,1.12851,0.00740461,0.142096
844,1.20823,0.0102571,0.138778
844,1.12173,0.00801494,0.147024
844,1.1922,0.0099607,0.143562
844,1.28037,0.00848925,0.140088
844,1.23472,0.00726602,0.14114
844,1.20555,0.00712761,0.137943
844,1.27242,0.0088969,0.145348
844,1.28558,0.0105953,0.133938
844,1.21189,0.00825119,0.139825
844,1.25147,0.0108534,0.133752
844,1.20302,0.00686309,0.133808
844,1.28141,0.00790773,0.132786
844,1.2613,0.010163,0.134186
844,1.25537,0.00750214,0.134551
845,1.23387,0.0108913,0.181474
845,1.22567,0.00761722,0.13585
845,1.19439,0.00814962,0.134896
845,1.14749,0.00768154,0.152715
845,1.1601,0.00681585,0.133187
845,1.20005,0.00868292,0.136624
845,1.17423,0.00866912,0.135204
845,1.14535,0.00831,0.136669
845,1.1779,0.0082657,0.135378
845,1.15363,0.00702134,0.135396
845,1.1846,0.00696265,0.134909
845,1.19505,0.0107044,0.135469
845,1.17618,0.00900762,0.136488
845,1.23832,0.00770648,0.135014
845,1.26729,0.0100013,0.133237
845,1.201,0.00916324,0.136513
845,1.14649,0.00892858,0.141753
845,1.18102,0.00725774,0.147437
845,1.17137,0.00778008,0.139515
845,1.18081,0.00741491,0.135016
846,1.19031,0.00916618,0.141943
846,1.20145,0.00799634,0.137495
846,1.19756,0.00842364,0.135248
846,1.16972,0.00795855,0.139
846,1.16642,0.00795236,0.14567
846,1.22887,0.00748481,0.128507
846,1.26654,0.00627943,0.12297
846,1.12109,0.00780028,0.125803
846,1.22622,0.00890866,0.133662
846,1.20595,0.0094526,0.121278
846,1.20195,0.00788978,0.1353
846,1.15076,0.00771377,0.136106
846,1.22593,0.00887232,0.126623
846,1.27492,0.0123388,0.130052
846,1.21163,0.00802074,0.136392
846,1.31108,0.0160991,0.129188
846,1.17065,0.00790673,0.137872
846,1.23145,0.00723929,0.143636
846,1.23164,0.00863819,0.142587
846,1.17776,0.00950809,0.141402
847,1.24826,0.00820676,0.145139
847,1.23004,0.00872007,0.139046
847,1.21018,0.00982272,0.139742
847,1.22152,0.00728003,0.139664
847,1.13773,0.00689245,0.138599
847,1.23597,0.00756611,0.143334
847,1.22224,0.0107833,0.139494
847,1.23956,0.0116511,0.137676
847,1.15698,0.00873299,0.140625
847,1.18234,0.00774298,0.138956
847,1.21455,0.00986553,0.139631
847,1.217,0.00784571,0.139866
847,1.14446,0.00920145,0.139435
847,1.17947,0.00747716,0.139163
847,1.17877,0.00829548,0.145139
847,1.18746,0.00772111,0.137365
847,1.22047,0.00987926,0.139807
847,1.21791,0.00920546,0.139451
847,1.1414,0.00720078,0.138709
847,1.25418,0.0106974,0.137403
848,1.16554,0.00729647,0.148304
848,1.13337,0.00826378,0.139025
848,1.21226,0.00805685,0.137595
848,1.22583,0.00883652,0.145608
848,1.20146,0.00872815,0.150632
848,1.28017,0.0101655,0.146065
848,1.24478,0.0083824,0.144332
848,1.21616,0.0080579,0.141451
848,1.1904,0.00764339,0.141225
848,1.171,0.0104824,0.141617
848,1.10531,0.0100862,0.138582
848,1.18514,0.00828357,0.140984
848,1.20387,0.00739491,0.141189
848,1.21424,0.00877046,0.138334
848,1.11758,0.0110948,0.138793
848,1.21963,0.00865459,0.138919
848,1.21787,0.00915389,0.139437
848,1.24425,0.012624,0.141058
848,1.22591,0.00973529,0.142425
848,1.2185,0.0106724,0.166812
849,1.15803,0.00856712,0.146973
849,1.25348,0.008624,0.140065
849,1.22134,0.0095918,0.140031
849,1.17397,0.0113328,0.144201
849,1.26418,0.00925153,0.144947
849,1.21926,0.011534,0.139269
849,1.24886,0.00869876,0.139348
849,1.24672,0.00852401,0.139719
849,1.1412,0.00799816,0.148751
849,1.16517,0.010148,0.146889
849,1.21951,0.00753231,0.144857
849,1.21327,0.00987348,0.150666
849,1.21926,0.00843249,0.141957
849,1.14602,0.0102372,0.141368
849,1.18833,0.00851089,0.14329
849,1.25822,0.00811999,0.140371
849,1.123,0.00739805,0.145403
849,1.16131,0.00904687,0.150228
849,1.19852,0.00763156,0.145261
849,1.2034,0.00816919,0.139033
850,1.20155,0.0121656,0.187532
850,1.20191,0.00890445,0.142999
850,1.09948,0.00697841,0.139879
850,1.21601,0.00781642,0.139478
850,1.16871,0.00682028,0.138682
850,1.09667,0.00829928,0.141821
850,1.20294,0.0087308,0.140282
850,1.2284,0.00741471,0.139204
850,1.18324,0.00858237,0.139129
850,1.17717,0.00757982,0.1406
850,1.24726,0.00817684,0.14145
850,1.25397,0.011166,0.145381
850,1.26051,0.00883152,0.141385
850,1.24538,0.0105662,0.139198
850,1.13952,0.0100811,0.139527
850,1.21573,0.00936789,0.140441
850,1.19295,0.00640409,0.139587
850,1.24391,0.0137165,0.142343
850,1.23389,0.00714552,0.146796
850,1.14482,0.00757076,0.144452
851,1.2322,0.00773049,0.15502
851,1.22618,0.00885946,0.142968
851,1.17253,0.00845795,0.138403
851,1.15946,0.00791812,0.144979
851,1.27194,0.00826474,0.144712
851,1.21191,0.0100937,0.142867
851,1.16593,0.0105051,0.14299
851,1.13036,0.00736343,0.141067
851,1.18224,0.00832295,0.14209
851,1.2257,0.00771629,0.146151
851,1.20011,0.0105115,0.146771
851,1.16726,0.00715393,0.143062
851,1.16753,0.00784355,0.14693
851,1.2698,0.0076399,0.147959
851,1.25727,0.00767304,0.139867
851,1.20001,0.00894723,0.143671
851,1.18235,0.00765103,0.140517
851,1.22454,0.00742524,0.13655
851,1.18741,0.00796188,0.147958
851,1.20117,0.00740602,0.138905
852,1.16282,0.00825687,0.147387
852,1.19254,0.00650312,0.14478
852,1.18842,0.0066499,0.148669
852,1.19006,0.00695189,0.136526
852,1.12629,0.00780522,0.138456
852,1.24334,0.00803081,0.134717
852,1.20897,0.00768283,0.136571
852,1.1564,0.0105865,0.170858
852,1.14846,0.00711143,0.136763
852,1.12754,0.00753694,0.136951
852,1.20564,0.010458,0.145082
852,1.14233,0.0106905,0.150146
852,1.13864,0.00846993,0.135726
852,1.27673,0.00859072,0.13631
852,1.27935,0.0111333,0.157657
852,1.16433,0.00846648,0.140169
852,1.22474,0.00979945,0.136309
852,1.21244,0.0102044,0.135952
852,1.195,0.0078676,0.137633
852,1.17324,0.00831132,0.135404
853,1.20694,0.00881666,0.146835
853,1.22312,0.00870443,0.136386
853,1.20886,0.0133601,0.135149
853,1.18911,0.0088234,0.13523
853,1.18874,0.00827895,0.136794
853,1.28291,0.00895871,0.136301
853,1.18832,0.00776766,0.135142
853,1.21119,0.00998106,0.137973
853,1.20375,0.00919334,0.134738
853,1.17887,0.00937043,0.14186
853,1.29787,0.0121644,0.136547
853,1.15448,0.00713671,0.136055
853,1.18424,0.00733775,0.138796
853,1.10381,0.00792076,0.139288
853,1.19108,0.00920163,0.138048
853,1.15445,0.00807099,0.137566
853,1.18004,0.00672507,0.138446
853,1.20106,0.00734598,0.140017
853,1.11619,0.00637212,0.13628
853,1.16482,0.00660529,0.138484
854,1.23836,0.00988968,0.184212
854,1.19603,0.00863724,0.136651
854,1.20731,0.00959973,0.136285
854,1.17311,0.012692,0.140472
854,1.22473,0.0101219,0.137478
854,1.12553,0.00697722,0.137851
854,1.15755,0.00814656,0.136213
854,1.23777,0.00894995,0.136724
854,1.26039,0.00837853,0.1379
854,1.24022,0.00813231,0.135295
854,1.20378,0.00842031,0.135111
854,1.24675,0.00627891,0.135892
854,1.15672,0.00745522,0.136538
854,1.21322,0.00871128,0.135954
854,1.21855,0.00824125,0.146938
854,1.16281,0.00765839,0.154819
854,1.12857,0.00727568,0.134779
854,1.19043,0.00813992,0.13719
854,1.14241,0.00705832,0.13964
854,1.12592,0.00774211,0.13972
855,1.19566,0.00757171,0.1442
855,1.14274,0.0092319,0.1383
855,1.21942,0.00784428,0.135903
855,1.24713,0.00959545,0.13985
855,1.21669,0.00808861,0.138943
855,1.16026,0.00806073,0.141145
855,1.1474,0.00662042,0.144744
855,1.25641,0.00974523,0.139933
855,1.18693,0.00954494,0.136578
855,1.1925,0.00734772,0.137663
855,1.22122,0.00929995,0.137023
855,1.1914,0.00640798,0.138109
855,1.19549,0.00792391,0.139034
855,1.17833,0.00898233,0.138275
855,1.17735,0.00736325,0.136633
855,1.17277,0.00647205,0.138123
855,1.22244,0.00961849,0.136857
855,1.19729,0.00993427,0.136641
855,1.2126,0.00977686,0.136528
855,1.25783,0.0101115,0.135852
856,1.1623,0.0106944,0.146835
856,1.11645,0.00847982,0.139159
856,1.26346,0.00778085,0.13581
856,1.30776,0.0110621,0.136194
856,1.24286,0.00836397,0.138336
856,1.16472,0.00711512,0.136503
856,1.20861,0.00863952,0.137167
856,1.19467,0.00900925,0.137231
856,1.17203,0.00742572,0.14088
856,1.21849,0.00696444,0.136487
856,1.20014,0.00701473,0.137003
856,1.18003,0.00879979,0.136434
856,1.16499,0.00677686,0.139921
856,1.16327,0.00862115,0.13671
856,1.17663,0.00820068,0.137737
856,1.19609,0.0074817,0.138293
856,1.14183,0.00834503,0.137796
856,1.19909,0.00936649,0.144394
856,1.26644,0.0108303,0.138048
856,1.13935,0.00720448,0.138886
857,1.25105,0.00805419,0.144682
857,1.20532,0.00759884,0.14066
857,1.16637,0.009178,0.138932
857,1.1403,0.00748969,0.138462
857,1.22395,0.00812297,0.139049
857,1.15391,0.00606522,0.138277
857,1.14258,0.00714205,0.140176
857,1.24347,0.00984083,0.138246
857,1.15584,0.00942483,0.136933
857,1.17216,0.00923649,0.136572
857,1.14809,0.00829278,0.137249
857,1.23624,0.00938561,0.137167
857,1.18233,0.00952467,0.138666
857,1.25902,0.00825857,0.137068
857,1.24821,0.00767388,0.138335
857,1.24834,0.00822829,0.137915
857,1.1798,0.00743297,0.138464
857,1.19641,0.00728409,0.138903
857,1.2212,0.00741024,0.138438
857,1.13729,0.00800392,0.136634
858,1.2136,0.00848174,0.144371
858,1.1545,0.00817323,0.137054
858,1.19731,0.0088517,0.140997
858,1.25447,0.00928699,0.139697
858,1.16251,0.00773201,0.139179
858,1.16128,0.00699078,0.138438
858,1.22834,0.00948044,0.139557
858,1.12393,0.00901966,0.138229
858,1.19531,0.00744022,0.139248
858,1.2319,0.00788526,0.141178
858,1.20729,0.00812013,0.142694
858,1.16708,0.0136501,0.138212
858,1.27025,0.0119105,0.138073
858,1.20596,0.00653123,0.137372
858,1.23458,0.00668939,0.137802
858,1.13434,0.0093892,0.13928
858,1.23074,0.00735315,0.138174
858,1.13379,0.0072949,0.139921
858,1.13174,0.00761483,0.138806
858,1.25172,0.00854806,0.136976
859,1.15653,0.00856347,0.145551
859,1.26198,0.0103794,0.139024
859,1.23181,0.00909842,0.13088
859,1.21627,0.00921098,0.141367
859,1.1817,0.00819004,0.129129
859,1.19857,0.00674871,0.124897
859,1.20248,0.00937866,0.126823
859,1.21789,0.00668733,0.12955
859,1.15426,0.00580065,0.129391
859,1.21454,0.010487,0.130771
859,1.24495,0.0104941,0.140065
859,1.2091,0.0101816,0.126156
859,1.24902,0.0125667,0.127623
859,1.12012,0.00624917,0.127628
859,1.15095,0.00740917,0.129338
859,1.17715,0.00762359,0.127077
859,1.1462,0.00833001,0.131025
859,1.19382,0.00793559,0.126152
859,1.1861,0.0109269,0.126266
859,1.2081,0.0100989,0.126075
860,1.31178,0.00953991,0.170412
860,1.1832,0.00716605,0.135193
860,1.15012,0.00855788,0.141892
860,1.22473,0.00760369,0.143193
860,1.27699,0.00725092,0.141664
860,1.19532,0.00727815,0.145428
860,1.22224,0.00689493,0.135454
860,1.17219,0.00740911,0.143231
860,1.24514,0.00849043,0.129222
860,1.2175,0.00706955,0.134332
860,1.12471,0.00873985,0.134944
860,1.25171,0.007287,0.140123
860,1.22258,0.0123519,0.146647
860,1.19937,0.00895965,0.154764
860,1.21727,0.00948998,0.155755
860,1.29899,0.0104271,0.131084
860,1.18164,0.00957079,0.133706
860,1.24394,0.0089044,0.155516
860,1.25181,0.00696153,0.147035
860,1.16861,0.00741169,0.151018
861,1.18738,0.0092027,0.156945
861,1.21393,0.00894775,0.148212
861,1.18253,0.010948,0.147224
861,1.15882,0.0082129,0.144462
861,1.19307,0.0105387,0.144859
861,1.17046,0.00782001,0.145733
861,1.23726,0.0084766,0.151153
861,1.24878,0.00766568,0.158723
861,1.2349,0.00720863,0.1591
861,1.14873,0.0102732,0.156407
861,1.27211,0.00729791,0.195749
861,1.20014,0.00628426,0.168109
861,1.2341,0.00668792,0.166119
861,1.23581,0.00760887,0.160569
861,1.18356,0.00835352,0.156197
861,1.29398,0.00894302,0.170016
861,1.19016,0.00955715,0.143333
861,1.19977,0.00785755,0.143494
861,1.16121,0.00805884,0.141563
861,1.304,0.00860672,0.142473
862,1.19252,0.00795333,0.150585
862,1.22388,0.00740225,0.143651
862,1.25653,0.00900813,0.142372
862,1.25191,0.0105805,0.144109
862,1.19222,0.00726149,0.145887
862,1.25208,0.00822185,0.142509
862,1.25731,0.00878702,0.143181
862,1.18465,0.00763779,0.144822
862,1.11195,0.00618992,0.15441
862,1.23642,0.00767995,0.149305
862,1.18485,0.00906065,0.146342
862,1.22001,0.00758649,0.146259
862,1.20936,0.00679646,0.143441
862,1.21433,0.0070564,0.142879
862,1.13392,0.00799453,0.143606
862,1.20971,0.00844118,0.166144
862,1.19271,0.00763213,0.147675
862,1.24693,0.00675967,0.183913
862,1.19582,0.00741215,0.169123
862,1.1974,0.00829882,0.165303
863,1.21148,0.00720647,0.174815
863,1.15666,0.00873795,0.161362
863,1.16903,0.00937046,0.171818
863,1.24768,0.00799288,0.158731
863,1.20913,0.00830895,0.171852
863,1.14796,0.00789524,0.160165
863,1.274,0.00771732,0.147635
863,1.27331,0.00815278,0.1535
863,1.16494,0.00979128,0.157929
863,1.12603,0.00860138,0.14818
863,1.21294,0.0104671,0.149871
863,1.24847,0.00753055,0.152904
863,1.12329,0.00727863,0.145941
863,1.16461,0.00797153,0.155829
863,1.22484,0.00884474,0.146931
863,1.18699,0.00730783,0.143018
863,1.25314,0.00835267,0.142931
863,1.20696,0.0100709,0.148276
863,1.20058,0.00785675,0.181172
863,1.19548,0.00811107,0.149471
864,1.2298,0.00781095,0.190123
864,1.23765,0.0117855,0.172745
864,1.2436,0.00983656,0.157953
864,1.24344,0.00813769,0.187142
864,1.19599,0.00858161,0.158863
864,1.20396,0.00816286,0.147824
864,1.25873,0.00763759,0.148642
864,1.10395,0.00834065,0.159769
864,1.20376,0.0069169,0.152472
864,1.21881,0.0085253,0.14522
864,1.2099,0.00878015,0.148466
864,1.24778,0.00814412,0.157442
864,1.1619,0.00821008,0.150517
864,1.20258,0.00659273,0.150684
864,1.20224,0.00793403,0.161676
864,1.31266,0.00751797,0.160956
864,1.25762,0.00998687,0.151579
864,1.17156,0.00721927,0.157999
864,1.22014,0.00759407,0.160395
864,1.15791,0.00910327,0.155607
865,1.20514,0.00809031,0.15243
865,1.15776,0.0119028,0.152544
865,1.20099,0.00888586,0.146327
865,1.23205,0.00782721,0.158161
865,1.18796,0.00804079,0.152743
865,1.19899,0.00876971,0.150155
865,1.2823,0.00918228,0.147376
865,1.14078,0.00763533,0.145927
865,1.16097,0.00870345,0.157064
865,1.16519,0.00735027,0.165599
865,1.30758,0.00946153,0.153218
865,1.14205,0.00742354,0.158595
865,1.12506,0.00969367,0.162318
865,1.21578,0.00674263,0.155127
865,1.17863,0.00794489,0.155078
865,1.2189,0.00709844,0.159864
865,1.24162,0.00926222,0.149047
865,1.2066,0.00816855,0.149127
865,1.24344,0.00948415,0.153776
865,1.12364,0.00620104,0.154037
866,1.19449,0.00978281,0.178576
866,1.22497,0.00826906,0.155272
866,1.164,0.00948312,0.151771
866,1.19984,0.0125168,0.152953
866,1.32318,0.00639919,0.163758
866,1.12199,0.00885543,0.155792
866,1.15055,0.00661994,0.151975
866,1.18508,0.00707672,0.160174
866,1.16825,0.00904261,0.155402
866,1.15541,0.00775708,0.156875
866,1.22305,0.00849105,0.149412
866,1.21465,0.00764576,0.146126
866,1.19333,0.00598457,0.148003
866,1.11016,0.00993641,0.145231
866,1.25854,0.00963673,0.144009
866,1.26707,0.0100307,0.144911
866,1.20085,0.00895262,0.144939
866,1.2231,0.00942299,0.147354
866,1.13582,0.0101663,0.157166
866,1.2574,0.0095138,0.155279
867,1.25932,0.0119538,0.163184
867,1.24543,0.00638039,0.151753
867,1.20794,0.0092982,0.151907
867,1.18856,0.0070643,0.15789
867,1.21616,0.00841078,0.151341
867,1.2425,0.00724386,0.15004
867,1.22007,0.00929057,0.148975
867,1.16182,0.00761137,0.145258
867,1.23085,0.00982863,0.145737
867,1.16547,0.0069631,0.152822
867,1.26525,0.00650905,0.15006
867,1.20334,0.00822951,0.154089
867,1.23387,0.0098312,0.153338
867,1.20568,0.00802201,0.15565
867,1.14815,0.00934204,0.160869
867,1.2212,0.00785023,0.155055
867,1.28463,0.00892125,0.155623
867,1.25348,0.0111023,0.159988
867,1.25182,0.0073276,0.151816
867,1.24325,0.00753027,0.160387
868,1.20788,0.0064209,0.211881
868,1.14257,0.00583478,0.146267
868,1.22153,0.00682035,0.153382
868,1.22285,0.00814109,0.150253
868,1.25018,0.00847056,0.148494
868,1.16896,0.00793315,0.157817
868,1.24874,0.00773151,0.158802
868,1.17879,0.00773865,0.153455
868,1.21269,0.00959954,0.153579
868,1.16432,0.00989867,0.159529
868,1.15369,0.00900015,0.154568
868,1.26511,0.00898148,0.152734
868,1.19446,0.0119738,0.157369
868,1.13506,0.00814185,0.160958
868,1.25514,0.00685364,0.153086
868,1.20547,0.0106428,0.151528
868,1.27174,0.0080247,0.149023
868,1.26308,0.00785846,0.156058
868,1.19986,0.0093437,0.16473
868,1.13548,0.00628232,0.144262
869,1.19832,0.00582614,0.147852
869,1.21805,0.00675929,0.147378
869,1.1685,0.00881082,0.146573
869,1.21233,0.00754253,0.155889
869,1.26038,0.00889561,0.151409
869,1.14936,0.00627434,0.15163
869,1.19207,0.00698312,0.157503
869,1.19164,0.00830145,0.15671
869,1.22356,0.00704188,0.159521
869,1.20474,0.00727125,0.150682
869,1.19998,0.00664611,0.147532
869,1.22538,0.00908185,0.140795
869,1.15502,0.00931193,0.143891
869,1.25355,0.00776076,0.141715
869,1.17283,0.0114019,0.141353
869,1.1551,0.00740352,0.147349
869,1.25071,0.00758084,0.142305
869,1.19105,0.0105017,0.142624
869,1.2172,0.00861651,0.143362
869,1.2188,0.00788045,0.145502
870,1.23713,0.00735307,0.155923
870,1.19784,0.00752517,0.147936
870,1.18249,0.00655302,0.147625
870,1.19329,0.00787516,0.151785
870,1.29776,0.00801643,0.180052
870,1.07377,0.00687778,0.155798
870,1.33216,0.0103961,0.145234
870,1.1686,0.00714594,0.155631
870,1.17539,0.00838223,0.163396
870,1.20453,0.00857708,0.145203
870,1.20206,0.00667365,0.148567
870,1.2094,0.0102999,0.180744
870,1.28497,0.00942534,0.1454
870,1.19751,0.00734597,0.143718
870,1.21088,0.00795296,0.14918
870,1.22691,0.00896915,0.147991
870,1.21428,0.00801309,0.147215
870,1.19138,0.0062949,0.147886
870,1.15245,0.00808505,0.147191
870,1.12751,0.00884886,0.149683
871,1.15304,0.00584101,0.164876
871,1.14521,0.00651848,0.157753
871,1.18151,0.00797031,0.150895
871,1.18942,0.00653433,0.146318
871,1.2293,0.00656666,0.155213
871,1.22991,0.00890699,0.147341
871,1.13524,0.0102785,0.147816
871,1.09477,0.00672132,0.151892
871,1.18264,0.00799842,0.181098
871,1.15748,0.00823041,0.144418
871,1.17419,0.0103284,0.150109
871,1.26544,0.00964639,0.153918
871,1.17714,0.006787,0.151514
871,1.23757,0.00775612,0.158282
871,1.14512,0.00634172,0.148995
871,1.20268,0.00740008,0.156915
871,1.162,0.00969272,0.151592
871,1.13386,0.00814448,0.148709
871,1.23344,0.00792816,0.150025
871,1.21504,0.00954786,0.151773
872,1.06933,0.00627489,0.199923
872,1.27469,0.00864278,0.1471
872,1.12385,0.0103891,0.147416
872,1.08127,0.0102772,0.146486
872,1.20394,0.00756093,0.151484
872,1.18564,0.00855245,0.154035
872,1.14967,0.00825359,0.155112
872,1.23467,0.00667423,0.152459
872,1.18121,0.00949362,0.150529
872,1.19331,0.00842547,0.154003
872,1.25876,0.00845373,0.150106
872,1.21808,0.00836128,0.150331
872,1.23112,0.00768745,0.151558
872,1.19428,0.00813299,0.148962
872,1.19017,0.0108785,0.147969
872,1.14192,0.00698069,0.143616
872,1.12782,0.00639302,0.141635
872,1.18704,0.00848128,0.143458
872,1.22205,0.00722836,0.144234
872,1.21957,0.00795147,0.146616
873,1.24841,0.0093607,0.152284
873,1.18544,0.0101432,0.151537
873,1.19483,0.00576778,0.153153
873,1.15788,0.00787041,0.151539
873,1.22249,0.00798569,0.153977
873,1.17183,0.00739003,0.157444
873,1.26314,0.00789511,0.151542
873,1.18423,0.00885638,0.151279
873,1.19541,0.00755631,0.14821
873,1.19353,0.0121928,0.152616
873,1.19598,0.00805535,0.147326
873,1.20949,0.00781174,0.145721
873,1.23356,0.00806347,0.145679
873,1.17513,0.00675531,0.144108
873,1.24316,0.00928517,0.145637
873,1.19037,0.00882192,0.143546
873,1.25082,0.0110207,0.147669
873,1.21486,0.00703425,0.151093
873,1.09534,0.00738599,0.152757
873,1.21883,0.00795535,0.152336
874,1.21478,0.00847957,0.156167
874,1.21536,0.00808477,0.148747
874,1.18632,0.00915226,0.150132
874,1.16594,0.00849364,0.152014
874,1.22809,0.0116837,0.148688
874,1.21673,0.00916715,0.144695
874,1.23542,0.00989596,0.148484
874,1.15641,0.00644022,0.144267
874,1.19247,0.0110043,0.144352
874,1.18418,0.00672619,0.145626
874,1.22256,0.0087295,0.143354
874,1.15484,0.00681171,0.146166
874,1.25354,0.010581,0.15038
874,1.25636,0.00774281,0.148958
874,1.14503,0.00898218,0.151032
874,1.12885,0.00693718,0.149056
874,1.2233,0.00869351,0.152159
874,1.18304,0.00733842,0.152988
874,1.12405,0.00677937,0.148641
874,1.19073,0.0089882,0.147521
875,1.15168,0.00702113,0.153423
875,1.24169,0.00733509,0.153213
875,1.23612,0.00871404,0.135843
875,1.2333,0.00797482,0.132408
875,1.15639,0.0119512,0.129637
875,1.23033,0.00851794,0.132984
875,1.1835,0.00666617,0.129226
875,1.16833,0.00697569,0.129072
875,1.23138,0.00774578,0.149253
875,1.19726,0.00922281,0.146671
875,1.20533,0.00962302,0.145338
875,1.18893,0.0103634,0.142945
875,1.18382,0.0081884,0.143798
875,1.28403,0.00829831,0.144303
875,1.20151,0.0102256,0.144585
875,1.17106,0.00736499,0.144048
875,1.20008,0.00617735,0.133495
875,1.21105,0.00761125,0.143372
875,1.21001,0.00963021,0.142918
875,1.22304,0.00714021,0.132586
876,1.16876,0.00765963,0.140955
876,1.12396,0.00675349,0.137607
876,1.19459,0.00881401,0.145966
876,1.18337,0.0113102,0.150733
876,1.24212,0.00948373,0.148051
876,1.15516,0.00694867,0.152047
876,1.24206,0.00767448,0.150763
876,1.21244,0.0085303,0.148814
876,1.25482,0.00933891,0.155752
876,1.21737,0.00806284,0.1573
876,1.24069,0.00997905,0.1646
876,1.17657,0.00894847,0.151918
876,1.11833,0.0073921,0.148918
876,1.22575,0.00901911,0.151551
876,1.22501,0.0079513,0.149195
876,1.17157,0.00912766,0.148687
876,1.16917,0.00638357,0.159052
876,1.15405,0.0101282,0.153973
876,1.22373,0.00959864,0.154709
876,1.22999,0.00795866,0.173311
877,1.242,0.00881674,0.204598
877,1.2328,0.00881078,0.154224
877,1.25261,0.00909536,0.168376
877,1.1886,0.00806147,0.162335
877,1.18302,0.00857503,0.158767
877,1.16078,0.00718959,0.156542
877,1.21104,0.00980375,0.151489
877,1.15191,0.00640737,0.156942
877,1.13568,0.0110144,0.156553
877,1.21819,0.00866111,0.152516
877,1.15412,0.00902616,0.164214
877,1.20352,0.00761007,0.162684
877,1.28942,0.00873767,0.160073
877,1.23186,0.00882417,0.162228
877,1.18539,0.0125257,0.159435
877,1.18359,0.00735839,0.15906
877,1.16088,0.00862515,0.156853
877,1.16819,0.00608334,0.162923
877,1.18425,0.0126303,0.159363
877,1.2439,0.00734186,0.157429
878,1.19473,0.00960385,0.171198
878,1.16625,0.00880191,0.164118
878,1.19436,0.00682671,0.16423
878,1.22806,0.00855892,0.153363
878,1.25531,0.00711124,0.158546
878,1.17665,0.00802193,0.162318
878,1.22895,0.00799145,0.158706
878,1.19246,0.00709487,0.160188
878,1.22161,0.0064251,0.163804
878,1.20456,0.00707265,0.163913
878,1.17051,0.00732576,0.162985
878,1.15629,0.00715419,0.158336
878,1.32522,0.00827263,0.160715
878,1.22454,0.0081444,0.159081
878,1.18029,0.00873086,0.158763
878,1.21583,0.00948818,0.160755
878,1.1931,0.00744029,0.154449
878,1.15183,0.00854608,0.154808
878,1.20217,0.0059774,0.161147
878,1.2169,0.00727181,0.166025
879,1.13901,0.00845992,0.157881
879,1.1077,0.0063401,0.16528
879,1.22951,0.00921311,0.157945
879,1.14219,0.00745974,0.158318
879,1.19622,0.00823773,0.159721
879,1.20115,0.00925751,0.167774
879,1.21919,0.0103389,0.161854
879,1.19713,0.00732606,0.158407
879,1.24032,0.00870927,0.161632
879,1.22024,0.00794449,0.156454
879,1.24243,0.00844807,0.158738
879,1.19663,0.00901058,0.161127
879,1.20836,0.00826501,0.154826
879,1.21097,0.0101376,0.161417
879,1.20946,0.0081034,0.158218
879,1.19064,0.00857121,0.156185
879,1.24503,0.00856279,0.158432
879,1.24987,0.0080767,0.164106
879,1.194,0.00684535,0.160029
879,1.11683,0.00700857,0.163159
880,1.16711,0.00853375,0.162926
880,1.31316,0.00715047,0.157499
880,1.17512,0.00965989,0.164886
880,1.11792,0.00664372,0.163007
880,1.20982,0.00833578,0.161118
880,1.23499,0.00841585,0.152205
880,1.24359,0.0120886,0.153897
880,1.22314,0.00874269,0.156033
880,1.15026,0.00815674,0.152731
880,1.16264,0.00839609,0.152779
880,1.19597,0.00830157,0.16558
880,1.19729,0.00976674,0.161848
880,1.16591,0.00734722,0.166436
880,1.25287,0.0123629,0.157199
880,1.17243,0.00952965,0.174019
880,1.21358,0.008584,0.159913
880,1.19662,0.00765233,0.158604
880,1.18234,0.0109489,0.158217
880,1.12872,0.00681583,0.157906
880,1.19995,0.0092353,0.161073
881,1.20359,0.00607755,0.20592
881,1.15015,0.00906006,0.157749
881,1.1765,0.00852811,0.155885
881,1.21184,0.00748902,0.159537
881,1.20197,0.00900248,0.160428
881,1.22615,0.00897989,0.162906
881,1.20682,0.00931063,0.159294
881,1.26752,0.0122851,0.164284
881,1.21268,0.00670383,0.162984
881,1.22634,0.00823084,0.16284
881,1.16007,0.00958709,0.162528
881,1.25509,0.0081997,0.160214
881,1.14135,0.009292,0.159083
881,1.12093,0.00785794,0.155432
881,1.18482,0.00821098,0.154364
881,1.21969,0.0073522,0.165646
881,1.27717,0.00901381,0.158181
881,1.25354,0.00863968,0.162
881,1.21944,0.00935666,0.156502
881,1.17302,0.00739543,0.156431
882,1.19303,0.00651948,0.167361
882,1.21565,0.00826376,0.186596
882,1.20008,0.0107414,0.159178
882,1.12515,0.00570756,0.171655
882,1.248,0.00740226,0.169324
882,1.24053,0.00699173,0.161255
882,1.26574,0.00832016,0.155769
882,1.21262,0.00903604,0.158144
882,1.20977,0.00927453,0.16212
882,1.21727,0.00638991,0.163562
882,1.17923,0.00796605,0.160933
882,1.15662,0.00848264,0.160641
882,1.16917,0.0111118,0.160727
882,1.22242,0.00788959,0.155784
882,1.16469,0.0146452,0.152539
882,1.17125,0.00633588,0.161991
882,1.14318,0.00733124,0.163539
882,1.21868,0.00715848,0.158753
882,1.18721,0.0103998,0.170511
882,1.21131,0.00768807,0.163176
883,1.20573,0.0116,0.171533
883,1.16149,0.00629413,0.164194
883,1.2092,0.00932095,0.154416
883,1.19794,0.00745793,0.159639
883,1.14072,0.00690053,0.158672
883,1.25224,0.00825981,0.152884
883,1.15278,0.00817605,0.158642
883,1.27482,0.00724889,0.155935
883,1.25301,0.00869456,0.15606
883,1.1985,0.00922984,0.155761
883,1.21806,0.00733105,0.165402
883,1.23873,0.0102461,0.169882
883,1.22445,0.00804898,0.159647
883,1.18634,0.00722113,0.1644
883,1.1656,0.00803401,0.15712
883,1.26446,0.00886086,0.154826
883,1.25089,0.0074984,0.174283
883,1.2573,0.00759101,0.156019
883,1.2773,0.00769463,0.151826
883,1.20093,0.00835915,0.15367
884,1.16639,0.0107985,0.198117
884,1.18397,0.00799377,0.165534
884,1.18717,0.00561134,0.152559
884,1.18792,0.00676458,0.168825
884,1.17741,0.00904468,0.167649
884,1.20792,0.00927279,0.161186
884,1.28519,0.00969455,0.160338
884,1.18821,0.00790087,0.159296
884,1.17118,0.00810026,0.161156
884,1.17231,0.00646601,0.165928
884,1.24883,0.00707384,0.163575
884,1.21789,0.00972353,0.1565
884,1.2468,0.00982946,0.154705
884,1.22701,0.012101,0.151563
884,1.19854,0.00999984,0.150836
884,1.18309,0.00916718,0.155283
884,1.21369,0.00838487,0.152224
884,1.16911,0.00786953,0.15392
884,1.21928,0.00944755,0.152063
884,1.1612,0.00992757,0.158756
885,1.22803,0.00791015,0.163972
885,1.24048,0.00816773,0.15917
885,1.2005,0.0080454,0.1596
885,1.19263,0.0104651,0.157062
885,1.23795,0.0088656,0.159214
885,1.1302,0.00829298,0.15971
885,1.11115,0.00602076,0.153152
885,1.16263,0.00917362,0.151732
885,1.2274,0.00782137,0.154332
885,1.16054,0.0121408,0.151139
885,1.17038,0.00788021,0.152059
885,1.22066,0.0103431,0.153911
885,1.2457,0.00879621,0.15374
885,1.14688,0.00619402,0.153488
885,1.2343,0.00642712,0.158218
885,1.23692,0.00986756,0.157736
885,1.11853,0.00805223,0.158035
885,1.22922,0.010262,0.158206
885,1.18451,0.00693294,0.159715
885,1.17254,0.00627143,0.157537
886,1.24397,0.00768125,0.167222
886,1.16798,0.00883463,0.154918
886,1.17466,0.00721337,0.156347
886,1.21766,0.00832513,0.152726
886,1.22424,0.00934763,0.155596
886,1.26513,0.0069388,0.151719
886,1.15905,0.0113025,0.15399
886,1.21954,0.00950089,0.154583
886,1.28866,0.00889324,0.153856
886,1.17857,0.00769863,0.161114
886,1.21066,0.00817732,0.155061
886,1.21761,0.0120047,0.150588
886,1.14472,0.00806838,0.161108
886,1.22792,0.00741648,0.156216
886,1.20924,0.00666874,0.153285
886,1.17413,0.0106435,0.162391
886,1.18453,0.00729211,0.143341
886,1.15798,0.0081865,0.149805
886,1.19993,0.00998427,0.160656
886,1.17114,0.00796931,0.152954
887,1.24543,0.00697764,0.155448
887,1.1839,0.00849201,0.156074
887,1.16179,0.00806798,0.171797
887,1.17678,0.0082946,0.182039
887,1.20913,0.00731907,0.183727
887,1.10698,0.00739629,0.183615
887,1.21994,0.00935254,0.165321
887,1.20098,0.00870776,0.158588
887,1.16731,0.0108892,0.159915
887,1.26936,0.00757693,0.157266
887,1.16745,0.00714185,0.167553
887,1.15893,0.00710378,0.163008
887,1.16761,0.0105895,0.147719
887,1.22123,0.0079338,0.166765
887,1.29222,0.00870991,0.164259
887,1.20984,0.00719924,0.145166
887,1.16227,0.00952897,0.145812
887,1.22999,0.00862041,0.148659
887,1.12949,0.0061061,0.152599
887,1.21082,0.00637347,0.155869
888,1.25547,0.00753249,0.192578
888,1.11529,0.00766142,0.152642
888,1.26832,0.0068096,0.155845
888,1.24306,0.00745178,0.153139
888,1.16228,0.00926727,0.149986
888,1.18744,0.00821559,0.137768
888,1.19173,0.00918761,0.146092
888,1.16839,0.00769762,0.151967
888,1.24713,0.00881478,0.143198
888,1.2311,0.00856056,0.136733
888,1.2057,0.00844075,0.147214
888,1.18938,0.00761991,0.136397
888,1.1941,0.0116087,0.150923
888,1.14833,0.00908127,0.144124
888,1.1761,0.00840901,0.151438
888,1.20885,0.00702347,0.151405
888,1.16262,0.00701586,0.152032
888,1.1879,0.00940192,0.151963
888,1.15574,0.00857485,0.149602
888,1.18163,0.00834461,0.165302
889,1.1652,0.00680605,0.161487
889,1.21558,0.00741648,0.146984
889,1.21813,0.0082549,0.155829
889,1.18352,0.00636512,0.147458
889,1.18944,0.00830128,0.155986
889,1.12602,0.0071823,0.150984
889,1.21653,0.0073866,0.155225
889,1.16376,0.00803773,0.146929
889,1.2127,0.00594831,0.148937
889,1.16397,0.00867703,0.156853
889,1.18502,0.00800818,0.167761
889,1.24717,0.0077015,0.156721
889,1.21911,0.00719973,0.149245
889,1.17875,0.00717903,0.149336
889,1.13373,0.00800614,0.155749
889,1.201,0.00953949,0.155954
889,1.23433,0.00679604,0.142999
889,1.15915,0.0113036,0.166151
889,1.20137,0.00788304,0.155875
889,1.22565,0.00947875,0.160879
890,1.15314,0.00905219,0.160718
890,1.22717,0.00813658,0.162809
890,1.16471,0.0103043,0.153309
890,1.12314,0.00718353,0.151825
890,1.21781,0.010536,0.158625
890,1.1944,0.00824208,0.16038
890,1.12012,0.00714061,0.162068
890,1.19675,0.00732365,0.168439
890,1.22698,0.00677362,0.158028
890,1.12906,0.00728223,0.159648
890,1.23237,0.00864372,0.156978
890,1.23528,0.00771899,0.155328
890,1.23802,0.00922331,0.141759
890,1.21027,0.00694575,0.142646
890,1.17373,0.00869315,0.148349
890,1.11993,0.00731179,0.139542
890,1.17262,0.00741037,0.139343
890,1.214,0.00798341,0.156123
890,1.26538,0.00973819,0.146792
890,1.19172,0.00755333,0.154656
891,1.19587,0.00680661,0.163431
891,1.25446,0.0128568,0.156975
891,1.22856,0.00816165,0.171636
891,1.17714,0.0104532,0.183619
891,1.23169,0.00711715,0.165927
891,1.24351,0.00756517,0.162866
891,1.19533,0.00743461,0.15586
891,1.23491,0.00727022,0.157567
891,1.19234,0.00957773,0.157187
891,1.18265,0.00861765,0.15697
891,1.12803,0.00873614,0.159425
891,1.22729,0.00622057,0.156405
891,1.20118,0.011012,0.156582
891,1.23959,0.00782269,0.16104
891,1.22013,0.00860827,0.158702
891,1.21396,0.00819764,0.158354
891,1.19922,0.0105419,0.161351
891,1.18348,0.00755575,0.158297
891,1.21243,0.00608405,0.162593
891,1.23144,0.00756733,0.16478
892,1.23518,0.00830585,0.205173
892,1.19969,0.00938087,0.153928
892,1.18084,0.00736697,0.151997
892,1.17877,0.0124981,0.152383
892,1.18054,0.00905978,0.155339
892,1.1764,0.00748945,0.154375
892,1.15277,0.00616714,0.152507
892,1.25948,0.00738853,0.156188
892,1.25196,0.00866604,0.157933
892,1.25869,0.00723978,0.159383
892,1.14949,0.00752037,0.185635
892,1.22395,0.00998804,0.158322
892,1.3427,0.00689252,0.159418
892,1.18514,0.00897232,0.161582
892,1.20788,0.00628735,0.158396
892,1.27889,0.00828495,0.152767
892,1.15115,0.0103757,0.151821
892,1.23036,0.00822482,0.152893
892,1.23958,0.0111375,0.155809
892,1.22128,0.00939632,0.155767
893,1.26241,0.00968547,0.16119
893,1.14856,0.00721225,0.152063
893,1.21955,0.00726483,0.154854
893,1.16696,0.00910636,0.15893
893,1.16196,0.00753542,0.158801
893,1.20996,0.0121515,0.16108
893,1.1481,0.0066427,0.158845
893,1.18352,0.00922135,0.159774
893,1.14698,0.00628336,0.159551
893,1.18593,0.00701223,0.158362
893,1.15795,0.00668213,0.155489
893,1.21455,0.00742022,0.153154
893,1.12967,0.00606311,0.15345
893,1.18383,0.00815128,0.153248
893,1.18816,0.0093526,0.15646
893,1.18706,0.00778198,0.176253
893,1.18569,0.00771389,0.152214
893,1.26586,0.00919247,0.153682
893,1.22822,0.00798695,0.159896
893,1.19273,0.00661388,0.161003
894,1.23735,0.00694201,0.165202
894,1.15516,0.0120855,0.160628
894,1.24672,0.00735804,0.181254
894,1.06225,0.00657419,0.165237
894,1.25274,0.00634706,0.156266
894,1.29122,0.0071087,0.155722
894,1.1905,0.00746276,0.173298
894,1.21999,0.00836477,0.15382
894,1.25005,0.00953801,0.154189
894,1.16723,0.00836328,0.198276
894,1.16376,0.00792711,0.162517
894,1.24415,0.00750869,0.159237
894,1.25898,0.00652766,0.160512
894,1.11919,0.00619801,0.164423
894,1.19041,0.00839758,0.162658
894,1.17253,0.00734357,0.160628
894,1.11335,0.00806146,0.162685
894,1.20772,0.00745576,0.162294
894,1.20534,0.00797095,0.161101
894,1.21434,0.0089101,0.155759
895,1.26255,0.00852027,0.164506
895,1.17212,0.00729749,0.155988
895,1.21079,0.00830857,0.153774
895,1.1875,0.00830027,0.154175
895,1.16916,0.00741526,0.156067
895,1.20646,0.00627767,0.164276
895,1.22519,0.00669295,0.159035
895,1.16513,0.00715177,0.160141
895,1.268,0.00835942,0.160687
895,1.15012,0.00636775,0.161735
895,1.20141,0.00811573,0.162696
895,1.17289,0.006079,0.164038
895,1.16233,0.00774289,0.163294
895,1.19556,0.0100778,0.158585
895,1.16146,0.006981,0.154366
895,1.21441,0.00854555,0.156855
895,1.11253,0.0103336,0.157848
895,1.19137,0.00898124,0.160922
895,1.2825,0.00901629,0.157257
895,1.24334,0.00758145,0.161448
896,1.26594,0.00797806,0.204187
896,1.1901,0.00744575,0.163261
896,1.20572,0.00672063,0.167008
896,1.26577,0.00775422,0.166027
896,1.20341,0.00725953,0.164934
896,1.18437,0.00739164,0.165211
896,1.2029,0.00925083,0.166278
896,1.18614,0.00905968,0.16476
896,1.22087,0.00628638,0.155727
896,1.17062,0.00839097,0.158022
896,1.21616,0.0070188,0.163438
896,1.21519,0.0070185,0.158955
896,1.13493,0.0102635,0.160137
896,1.13492,0.00878918,0.156249
896,1.23738,0.00817641,0.15435
896,1.09803,0.00669716,0.160037
896,1.21183,0.00777469,0.165044
896,1.16983,0.00713225,0.174823
896,1.22863,0.0121283,0.165902
896,1.24324,0.00708064,0.163618
897,1.23819,0.00782267,0.169428
897,1.26206,0.0075571,0.16051
897,1.13945,0.00815776,0.156645
897,1.17227,0.00667575,0.155358
897,1.16938,0.00815575,0.154891
897,1.16751,0.00639369,0.15705
897,1.21921,0.00878691,0.153696
897,1.21804,0.00738675,0.154143
897,1.20853,0.00851868,0.155573
897,1.21831,0.00936058,0.159156
897,1.15369,0.00810215,0.165928
897,1.20015,0.0075897,0.171024
897,1.18693,0.00807847,0.191037
897,1.20719,0.009254,0.176237
897,1.13456,0.00851565,0.171009
897,1.21073,0.00767931,0.169785
897,1.28599,0.00751007,0.166047
897,1.18676,0.00834816,0.159851
897,1.21608,0.00693791,0.161494
897,1.19819,0.0077514,0.158765
898,1.16511,0.00752402,0.164262
898,1.21163,0.00700768,0.155276
898,1.14292,0.00997038,0.156123
898,1.20397,0.00715801,0.155878
898,1.15195,0.00691993,0.162891
898,1.26527,0.0112913,0.162795
898,1.22363,0.00689899,0.161585
898,1.21976,0.00895792,0.160287
898,1.25017,0.0069072,0.165123
898,1.2499,0.00752227,0.163437
898,1.21121,0.0113262,0.16027
898,1.20989,0.0102819,0.154812
898,1.1656,0.0120367,0.1537
898,1.14379,0.00919698,0.159816
898,1.14461,0.00614606,0.157628
898,1.15593,0.00794149,0.155081
898,1.22037,0.00727791,0.156872
898,1.22181,0.00706573,0.154914
898,1.27101,0.0102254,0.157431
898,1.22375,0.00654596,0.163735
899,1.16367,0.00843704,0.169195
899,1.17646,0.00732813,0.166744
899,1.20034,0.00612116,0.169256
899,1.31229,0.00700932,0.162678
899,1.25745,0.0078944,0.165955
899,1.16093,0.0065805,0.16049
899,1.18516,0.0100107,0.157277
899,1.21893,0.00950106,0.155817
899,1.12493,0.00937624,0.154213
899,1.20108,0.00807254,0.155733
899,1.17699,0.0069809,0.168403
899,1.16983,0.00917011,0.163405
899,1.19509,0.00783274,0.163552
899,1.16272,0.0101315,0.172735
899,1.21411,0.00707628,0.164241
899,1.21251,0.00747093,0.170964
899,1.1864,0.0074289,0.167672
899,1.25913,0.00953801,0.169136
899,1.19929,0.00842537,0.168035
899,1.1902,0.00857511,0.164573
900,1.15637,0.00651199,0.210518
900,1.21698,0.0073179,0.160881
900,1.30654,0.0092289,0.157018
900,1.1018,0.0094193,0.141515
900,1.25959,0.00860601,0.15409
900,1.17446,0.00629273,0.145033
900,1.22349,0.00989182,0.140706
900,1.19859,0.008572,0.151968
900,1.23301,0.009441,0.164667
900,1.21175,0.00636166,0.16986
900,1.21024,0.00992704,0.167954
900,1.28389,0.00706478,0.166373
900,1.22719,0.00770422,0.168222
900,1.2076,0.00639279,0.166686
900,1.15352,0.00714001,0.159638
900,1.2115,0.00833722,0.158611
900,1.29088,0.00806984,0.153769
900,1.1751,0.00658532,0.156763
900,1.30538,0.0078032,0.16177
900,1.20945,0.00974465,0.156775
901,1.24029,0.00783326,0.165435
901,1.17728,0.00824506,0.161965
901,1.18629,0.00790241,0.162577
901,1.29258,0.00893702,0.164648
901,1.19436,0.00561327,0.163096
901,1.22343,0.00832483,0.164657
901,1.19863,0.00815598,0.16222
901,1.22791,0.0105807,0.165003
901,1.19312,0.00711207,0.161716
901,1.15577,0.00706661,0.156766
901,1.19856,0.00596976,0.160977
901,1.25492,0.00990907,0.156595
901,1.19391,0.00827634,0.160293
901,1.21373,0.00878407,0.15887
901,1.1328,0.00683249,0.155405
901,1.2269,0.00653284,0.156104
901,1.32429,0.00821918,0.161399
901,1.19523,0.00906651,0.163392
901,1.23907,0.0112344,0.163875
901,1.20223,0.0120006,0.162159
902,1.26057,0.0124425,0.172029
902,1.17244,0.00649809,0.164826
902,1.14295,0.00813377,0.163636
902,1.22009,0.00938,0.156523
902,1.14583,0.0078709,0.155754
902,1.17893,0.00653387,0.155728
902,1.26342,0.00833509,0.157171
902,1.18782,0.00803507,0.155194
902,1.18831,0.00977592,0.155445
902,1.10265,0.00750684,0.156732
902,1.23975,0.00825139,0.157433
902,1.30489,0.0094993,0.163639
902,1.17622,0.00957954,0.163359
902,1.19357,0.00597434,0.161939
902,1.20071,0.00630907,0.188419
902,1.17305,0.00740522,0.166025
902,1.14118,0.00593089,0.164857
902,1.19218,0.00677491,0.161714
902,1.28219,0.0100079,0.156801
902,1.15004,0.00698794,0.16089
903,1.13001,0.00661262,0.161945
903,1.23808,0.00934935,0.157385
903,1.13199,0.00511451,0.158228
903,1.14281,0.00747889,0.157703
903,1.17916,0.00621202,0.15809
903,1.23936,0.00646775,0.16115
903,1.16846,0.00684354,0.164501
903,1.14612,0.00654257,0.164118
903,1.19862,0.00805708,0.16324
903,1.22871,0.00636916,0.164766
903,1.26832,0.00782097,0.163505
903,1.22843,0.00762754,0.166005
903,1.19923,0.00955251,0.159646
903,1.25203,0.00669649,0.155739
903,1.21199,0.0100639,0.156807
903,1.15638,0.00776022,0.156786
903,1.16567,0.00621539,0.15599
903,1.21897,0.0121163,0.159562
903,1.16897,0.00819076,0.155735
903,1.17779,0.00654011,0.157019
904,1.17256,0.00875346,0.211344
904,1.19097,0.00729443,0.16327
904,1.11384,0.00565628,0.166513
904,1.25412,0.00847009,0.16875
904,1.17195,0.00995613,0.164244
904,1.2125,0.00815862,0.165562
904,1.24336,0.00824423,0.159752
904,1.16588,0.0077296,0.158429
904,1.20619,0.00842934,0.157885
904,1.17954,0.00853095,0.156884
904,1.22702,0.00838438,0.157627
904,1.18524,0.00736578,0.156651
904,1.15123,0.00847584,0.157057
904,1.18749,0.00686297,0.156589
904,1.19981,0.00694887,0.166314
904,1.276,0.00800853,0.16654
904,1.24478,0.00817214,0.16347
904,1.13692,0.00710609,0.164906
904,1.21297,0.00742654,0.165131
904,1.21371,0.0115903,0.163706
905,1.18736,0.00934865,0.17099
905,1.23004,0.0088001,0.158061
905,1.26968,0.00822633,0.15822
905,1.19679,0.0126897,0.157329
905,1.18824,0.00787368,0.156931
905,1.16306,0.00724498,0.158295
905,1.29338,0.00862151,0.15823
905,1.18151,0.00969459,0.166855
905,1.1864,0.00748755,0.166003
905,1.21407,0.00697196,0.165627
905,1.19204,0.00841883,0.166605
905,1.21535,0.0159816,0.166797
905,1.20389,0.00695888,0.168057
905,1.17134,0.00949276,0.16524
905,1.1809,0.00883968,0.163435
905,1.22616,0.010245,0.158965
905,1.17472,0.00638889,0.164086
905,1.22979,0.00714452,0.169748
905,1.20834,0.00818959,0.162577
905,1.20002,0.00805169,0.158153
906,1.25921,0.0086129,0.162796
906,1.18074,0.00848049,0.165409
906,1.15288,0.0101985,0.163934
906,1.15188,0.0143381,0.165661
906,1.14221,0.00817783,0.165146
906,1.18128,0.0084204,0.165346
906,1.25832,0.00970361,0.178543
906,1.19891,0.00599154,0.165458
906,1.1655,0.00887611,0.167213
906,1.23207,0.00757708,0.163682
906,1.20656,0.00695963,0.161433
906,1.1933,0.0075765,0.160536
906,1.19005,0.00679791,0.157876
906,1.17911,0.00789663,0.158534
906,1.25367,0.00786518,0.160591
906,1.18902,0.0101026,0.161903
906,1.26326,0.0106006,0.161323
906,1.19511,0.00821073,0.163232
906,1.1812,0.00770861,0.166369
906,1.20759,0.00882609,0.171118
907,1.18836,0.00854596,0.175797
907,1.13018,0.0063049,0.169071
907,1.22316,0.00852408,0.16463
907,1.18774,0.0100818,0.163777
907,1.15541,0.00859951,0.165179
907,1.14061,0.00743735,0.166304
907,1.17964,0.010316,0.163608
907,1.19213,0.00642993,0.157177
907,1.22193,0.00849128,0.158009
907,1.18907,0.00705938,0.159727
907,1.20635,0.00761396,0.16029
907,1.20917,0.00715674,0.16771
907,1.22661,0.00967653,0.164096
907,1.1259,0.00762426,0.164656
907,1.23402,0.00825966,0.16739
907,1.17261,0.00796199,0.189254
907,1.19923,0.00600175,0.167511
907,1.19413,0.00753883,0.163673
907,1.18416,0.00657544,0.157206
907,1.22369,0.00635522,0.161334
908,1.1721,0.0110548,0.163242
908,1.18317,0.00645155,0.15815
908,1.22511,0.00784906,0.158278
908,1.16735,0.00749967,0.156721
908,1.18851,0.00818898,0.160866
908,1.1792,0.00962241,0.161698
908,1.22009,0.0079583,0.165961
908,1.10308,0.00613023,0.167278
908,1.2107,0.00791029,0.172253
908,1.15891,0.00865878,0.1711
908,1.18653,0.00862597,0.164753
908,1.24242,0.00750687,0.165158
908,1.16864,0.00673682,0.159889
908,1.12098,0.0069201,0.160685
908,1.26497,0.00827854,0.16488
908,1.25596,0.00926032,0.159716
908,1.28902,0.00780476,0.158502
908,1.17605,0.0100408,0.16233
908,1.27369,0.00825346,0.164305
908,1.17864,0.0123633,0.167966
909,1.1118,0.00756935,0.216481
909,1.22184,0.00702796,0.168822
909,1.20486,0.00884385,0.174334
909,1.17412,0.00849709,0.168144
909,1.16683,0.0072771,0.166615
909,1.27848,0.00919085,0.198733
909,1.18856,0.00685988,0.159517
909,1.22866,0.00823222,0.163292
909,1.21796,0.00657517,0.167232
909,1.17256,0.00761257,0.163885
909,1.27986,0.0078286,0.165373
909,1.13771,0.00943966,0.16565
909,1.11667,0.00795187,0.164504
909,1.27017,0.00873767,0.168542
909,1.10832,0.00715509,0.170437
909,1.28162,0.00765206,0.174557
909,1.13126,0.00679888,0.171835
909,1.29448,0.0102025,0.170449
909,1.21477,0.00732374,0.176245
909,1.22737,0.00961536,0.164469
910,1.16863,0.00667585,0.1681
910,1.19864,0.00699046,0.157125
910,1.15725,0.00580764,0.158026
910,1.20775,0.00728636,0.155364
910,1.23716,0.00848999,0.156614
910,1.2197,0.0081932,0.158099
910,1.26794,0.00837654,0.156961
910,1.17526,0.00595205,0.16304
910,1.16974,0.00711545,0.167245
910,1.15327,0.00917734,0.164798
910,1.10796,0.00730635,0.164124
910,1.19426,0.00784991,0.162278
910,1.24189,0.00713057,0.164506
910,1.16171,0.00638535,0.163743
910,1.23957,0.00874863,0.157855
910,1.24176,0.00750664,0.157275
910,1.30088,0.00852411,0.156239
910,1.19691,0.00832852,0.156957
910,1.21422,0.00632338,0.155401
910,1.21051,0.0078465,0.156252
911,1.22485,0.00750274,0.170484
911,1.14256,0.00774042,0.176793
911,1.17479,0.00661728,0.174822
911,1.24765,0.00871385,0.173544
911,1.24488,0.00711114,0.232076
911,1.22295,0.00639573,0.145093
911,1.22104,0.00915569,0.153587
911,1.16394,0.00905959,0.193341
911,1.2061,0.00816518,0.154799
911,1.23816,0.0104893,0.167236
911,1.16224,0.00701362,0.149466
911,1.22553,0.00698641,0.139312
911,1.21098,0.00788938,0.152681
911,1.19879,0.00698827,0.153425
911,1.14897,0.00844053,0.142406
911,1.23323,0.00898772,0.142366
911,1.22378,0.00727694,0.141
911,1.25507,0.00786894,0.143736
911,1.14948,0.0074329,0.140614
911,1.24202,0.00797009,0.141184
912,1.1698,0.00789122,0.158956
912,1.13021,0.00671538,0.140348
912,1.20899,0.00618819,0.151752
912,1.21623,0.00740126,0.150327
912,1.21861,0.00682826,0.147334
912,1.22749,0.00832205,0.150168
912,1.27212,0.0076981,0.147854
912,1.24097,0.00698526,0.153812
912,1.21046,0.0101609,0.155187
912,1.14002,0.00702461,0.167172
912,1.13486,0.00687171,0.165849
912,1.17091,0.00794996,0.164744
912,1.21617,0.00788048,0.16157
912,1.16068,0.00821762,0.159204
912,1.21377,0.00839074,0.163501
912,1.25598,0.00829897,0.162117
912,1.19567,0.00779142,0.178266
912,1.15755,0.0118856,0.169123
912,1.25047,0.0094153,0.162445
912,1.23603,0.00809189,0.161609
913,1.14298,0.00659107,0.215945
913,1.16865,0.00960591,0.164254
913,1.13511,0.0062924,0.159382
913,1.17482,0.00844838,0.160158
913,1.21225,0.00682951,0.160403
913,1.21983,0.00798402,0.160931
913,1.14849,0.00763588,0.165138
913,1.1919,0.00727317,0.161452
913,1.20469,0.0136438,0.160375
913,1.32726,0.00827164,0.166713
913,1.26101,0.00768511,0.166477
913,1.21379,0.00767729,0.165818
913,1.17506,0.00660943,0.161786
913,1.2334,0.00736189,0.169759
913,1.23472,0.00792388,0.164636
913,1.1612,0.00831291,0.164083
913,1.17704,0.00724011,0.163287
913,1.1711,0.00746661,0.162418
913,1.16521,0.0087968,0.167061
913,1.18564,0.00743511,0.182233
914,1.18044,0.00656393,0.175286
914,1.25416,0.0087067,0.168815
914,1.17677,0.00604897,0.16504
914,1.11325,0.00698983,0.159397
914,1.23261,0.00872037,0.164968
914,1.12166,0.00968178,0.161647
914,1.20945,0.00871566,0.160386
914,1.16358,0.0083333,0.162193
914,1.27475,0.0082383,0.161252
914,1.20649,0.0134643,0.162375
914,1.17453,0.00823748,0.159566
914,1.18522,0.00666026,0.164162
914,1.26594,0.00686577,0.168821
914,1.11378,0.00637877,0.162227
914,1.26057,0.00740286,0.173249
914,1.21597,0.0121575,0.173702
914,1.19174,0.00718131,0.178931
914,1.20347,0.00694839,0.166985
914,1.26588,0.00732233,0.1608
914,1.20213,0.00995442,0.161178
915,1.18795,0.00725985,0.190254
915,1.18695,0.00756143,0.177118
915,1.21828,0.00706142,0.166472
915,1.21112,0.00872241,0.162437
915,1.16787,0.00771321,0.18491
915,1.19037,0.00786947,0.180278
915,1.27294,0.011077,0.177155
915,1.1331,0.00750656,0.167884
915,1.16059,0.00671173,0.172846
915,1.21868,0.00743993,0.167263
915,1.20612,0.00678888,0.162395
915,1.26595,0.00885638,0.164824
915,1.27647,0.0095796,0.159402
915,1.24259,0.00803732,0.158829
915,1.24348,0.0119702,0.161551
915,1.2373,0.00855119,0.159932
915,1.17985,0.00698923,0.167615
915,1.17132,0.00787611,0.166427
915,1.26556,0.00808412,0.15835
915,1.23441,0.00757949,0.163907
916,1.17387,0.00916233,0.164406
916,1.21305,0.0100818,0.161066
916,1.13747,0.00988146,0.165227
916,1.23607,0.00951457,0.177574
916,1.23195,0.00813867,0.176477
916,1.27099,0.00730987,0.172142
916,1.21069,0.00682673,0.175201
916,1.17017,0.0061252,0.186061
916,1.1992,0.00954766,0.185281
916,1.2422,0.00630304,0.240937
916,1.18629,0.0118506,0.162286
916,1.21929,0.00674052,0.18118
916,1.2045,0.00756254,0.183298
916,1.22151,0.00788213,0.17824
916,1.24045,0.00781178,0.16321
916,1.15795,0.00849488,0.163269
916,1.22302,0.00762549,0.164752
916,1.19879,0.00855536,0.180585
916,1.21284,0.00821651,0.182444
916,1.28187,0.0133581,0.180853
917,1.21978,0.00817462,0.181445
917,1.27475,0.00647012,0.1614
917,1.24831,0.00781551,0.166264
917,1.13379,0.00833764,0.184887
917,1.22065,0.00629944,0.181096
917,1.23901,0.00921763,0.1825
917,1.16618,0.0117804,0.177334
917,1.15851,0.0112838,0.166154
917,1.16217,0.00683499,0.160573
917,1.18969,0.00733298,0.162465
917,1.17762,0.00695727,0.167447
917,1.15181,0.00739833,0.159862
917,1.17016,0.0101928,0.162113
917,1.22625,0.00696538,0.191698
917,1.1952,0.00653965,0.167692
917,1.15021,0.00667094,0.162012
917,1.21328,0.00661086,0.163176
917,1.23878,0.00945662,0.164604
917,1.20112,0.00736403,0.161575
917,1.22637,0.00749084,0.160863
918,1.15905,0.0078102,0.166063
918,1.17533,0.0100827,0.160161
918,1.22544,0.00861043,0.161464
918,1.2344,0.0089438,0.161719
918,1.22669,0.0113928,0.161705
918,1.15786,0.00727826,0.16509
918,1.12904,0.00605431,0.176483
918,1.13909,0.0110394,0.17955
918,1.22393,0.00919472,0.179968
918,1.20201,0.00767938,0.162899
918,1.25692,0.00808851,0.164199
918,1.23474,0.0078311,0.178638
918,1.19494,0.00691764,0.181934
918,1.19764,0.00757003,0.17316
918,1.21457,0.00944096,0.160684
918,1.18136,0.00792162,0.162149
918,1.20342,0.00783481,0.16901
918,1.18838,0.00968429,0.169375
918,1.26385,0.00664655,0.162112
918,1.25883,0.00884917,0.160745
919,1.21779,0.00640094,0.168563
919,1.23885,0.00782235,0.166463
919,1.27459,0.00764004,0.163036
919,1.21088,0.00768418,0.1625
919,1.21747,0.00768774,0.163467
919,1.18804,0.00635589,0.163776
919,1.21442,0.00821402,0.165253
919,1.20544,0.00837033,0.168031
919,1.20571,0.00881316,0.171719
919,1.13185,0.00644263,0.162362
919,1.16362,0.00715526,0.175309
919,1.13159,0.00907194,0.168034
919,1.16496,0.00879672,0.166063
919,1.22271,0.00716985,0.166802
919,1.18644,0.0101279,0.165117
919,1.23372,0.00672328,0.164109
919,1.20563,0.00848215,0.173227
919,1.3007,0.00992445,0.166974
919,1.17903,0.00703491,0.162601
919,1.23632,0.010732,0.165061
920,1.18117,0.00869113,0.222881
920,1.20356,0.00683134,0.163783
920,1.20925,0.0076384,0.170519
920,1.22128,0.00969815,0.167664
920,1.15014,0.0109092,0.173871
920,1.19962,0.00772653,0.170133
920,1.18234,0.00775586,0.162715
920,1.20204,0.00718498,0.164938
920,1.10602,0.00923584,0.167103
920,1.19458,0.00658544,0.163078
920,1.214,0.00711529,0.165378
920,1.1501,0.00632979,0.162796
920,1.22886,0.00696432,0.163009
920,1.13599,0.00608963,0.166176
920,1.24109,0.00858552,0.162218
920,1.26548,0.00698694,0.163692
920,1.25131,0.00838504,0.164469
920,1.10758,0.00864573,0.163523
920,1.2288,0.008638,0.16293
920,1.19843,0.00807554,0.163851
921,1.08033,0.00614075,0.172013
921,1.28404,0.0131493,0.163328
921,1.21574,0.00904627,0.163269
921,1.20767,0.00798204,0.162702
921,1.22586,0.00938644,0.16314
921,1.25073,0.00832434,0.165526
921,1.23229,0.00741031,0.164907
921,1.24336,0.0076288,0.164071
921,1.2083,0.00775701,0.163381
921,1.22335,0.00620753,0.16213
921,1.15386,0.00823323,0.170989
921,1.20564,0.00749319,0.164571
921,1.18033,0.00702567,0.163438
921,1.17153,0.00733465,0.169018
921,1.25184,0.00781847,0.164276
921,1.26633,0.00858411,0.165668
921,1.21373,0.0132357,0.164184
921,1.24972,0.00862647,0.164911
921,1.16172,0.00861797,0.16716
921,1.20641,0.00846065,0.165155
922,1.18309,0.00704577,0.195235
922,1.23898,0.00783593,0.170596
922,1.25823,0.00706235,0.16657
922,1.1652,0.00954196,0.178593
922,1.20486,0.00691003,0.17461
922,1.19335,0.00844837,0.164947
922,1.21186,0.00783162,0.163781
922,1.27394,0.00767444,0.186968
922,1.1784,0.00783373,0.162708
922,1.16593,0.00676869,0.163778
922,1.1863,0.00620689,0.164334
922,1.27688,0.00793816,0.183301
922,1.1804,0.0076579,0.16794
922,1.23486,0.00614215,0.164053
922,1.15879,0.00736167,0.16516
922,1.2032,0.0074262,0.16569
922,1.25875,0.00924495,0.166816
922,1.18109,0.00656288,0.16472
922,1.13515,0.00727803,0.163217
922,1.1795,0.00619023,0.165889
923,1.20903,0.00728265,0.178491
923,1.16397,0.00837584,0.16518
923,1.22107,0.00772146,0.165408
923,1.26739,0.00967603,0.167853
923,1.22345,0.00957362,0.166154
923,1.21347,0.00700531,0.165182
923,1.27922,0.0122744,0.163875
923,1.21663,0.007927,0.166672
923,1.19134,0.00926241,0.166227
923,1.18707,0.00850837,0.164384
923,1.18704,0.00835882,0.166619
923,1.21905,0.00691649,0.163885
923,1.1536,0.00829685,0.163363
923,1.23887,0.00822442,0.165469
923,1.17528,0.00708154,0.163919
923,1.20148,0.00723816,0.164587
923,1.16116,0.00723683,0.163363
923,1.24594,0.00714406,0.164464
923,1.10158,0.00522955,0.166643
923,1.20683,0.00746219,0.164641
924,1.16108,0.00917533,0.211405
924,1.13414,0.00739641,0.163765
924,1.13734,0.0095499,0.16325
924,1.17298,0.00715023,0.164336
924,1.129,0.00980384,0.165866
924,1.20502,0.00857595,0.164386
924,1.26547,0.00733907,0.166202
924,1.23573,0.00765296,0.164013
924,1.24461,0.0064857,0.16402
924,1.16527,0.00763545,0.164613
924,1.1793,0.00872159,0.165094
924,1.17326,0.00708427,0.169834
924,1.17383,0.00837845,0.165107
924,1.14467,0.00667161,0.166469
924,1.24025,0.00720605,0.163526
924,1.25462,0.011913,0.166789
924,1.23286,0.00755546,0.166762
924,1.14175,0.00745252,0.163281
924,1.1919,0.00737517,0.170617
924,1.14824,0.00730429,0.163992
925,1.1831,0.00742898,0.172305
925,1.23652,0.00827291,0.165863
925,1.2089,0.00778266,0.164051
925,1.25051,0.00779279,0.166905
925,1.2323,0.0100774,0.167739
925,1.17648,0.00701816,0.166426
925,1.22833,0.00884327,0.16434
925,1.21586,0.0110124,0.164662
925,1.21204,0.00691468,0.166646
925,1.21768,0.00813926,0.165459
925,1.20882,0.0076031,0.165336
925,1.26515,0.00712287,0.163931
925,1.14624,0.00867615,0.165158
925,1.15959,0.011296,0.167414
925,1.24817,0.00853331,0.164103
925,1.16642,0.00741337,0.165146
925,1.20869,0.00996742,0.167419
925,1.20722,0.0112753,0.165498
925,1.20555,0.00843685,0.164897
925,1.17023,0.00643963,0.164957
926,1.21638,0.00737279,0.171628
926,1.24473,0.00695667,0.164376
926,1.17726,0.0102565,0.166613
926,1.15107,0.00826425,0.165768
926,1.14238,0.00951741,0.164036
926,1.26669,0.0081559,0.165857
926,1.21187,0.00980182,0.166201
926,1.28369,0.00885847,0.16541
926,1.19687,0.00895047,0.165633
926,1.25715,0.00764928,0.167799
926,1.2386,0.0080484,0.166177
926,1.19095,0.0058448,0.165818
926,1.16787,0.00859216,0.163949
926,1.21744,0.00744846,0.166369
926,1.17113,0.00696725,0.166841
926,1.22175,0.00652332,0.165055
926,1.2403,0.00744881,0.165634
926,1.19933,0.00789739,0.165814
926,1.19174,0.00707805,0.168021
926,1.2057,0.00624602,0.176355
927,1.18635,0.00677814,0.169098
927,1.19142,0.0112488,0.170843
927,1.21788,0.00690614,0.16488
927,1.2664,0.00936832,0.167001
927,1.19407,0.00736068,0.165716
927,1.17799,0.00879633,0.173499
927,1.17447,0.00725833,0.166778
927,1.14147,0.00766677,0.176826
927,1.23706,0.00700567,0.173805
927,1.22349,0.00541032,0.172585
927,1.23364,0.0101801,0.189906
927,1.12337,0.00716988,0.180973
927,1.2202,0.00760867,0.174102
927,1.197,0.010311,0.168195
927,1.22263,0.00644997,0.171681
927,1.21631,0.00840635,0.168034
927,1.18635,0.00937616,0.172182
927,1.15822,0.0102596,0.171155
927,1.18123,0.00848749,0.173499
927,1.17221,0.00715611,0.16678
928,1.16199,0.00791,0.206098
928,1.2773,0.00747264,0.200411
928,1.13953,0.0080129,0.222854
928,1.18893,0.0075835,0.189448
928,1.20203,0.0073031,0.219035
928,1.23129,0.00800683,0.176023
928,1.18089,0.0066876,0.168806
928,1.15315,0.00632056,0.169266
928,1.22442,0.00824332,0.165252
928,1.21259,0.00756145,0.168378
928,1.16024,0.00825114,0.166097
928,1.28234,0.00743093,0.167529
928,1.17063,0.00715547,0.16667
928,1.23456,0.00861792,0.169585
928,1.21518,0.00823352,0.169002
928,1.21452,0.00674798,0.165842
928,1.16662,0.0086949,0.183272
928,1.19416,0.0065286,0.171814
928,1.13615,0.00696061,0.168878
928,1.15028,0.00809019,0.174209
929,1.21557,0.00697301,0.193012
929,1.11793,0.00762143,0.176024
929,1.2181,0.00842288,0.200625
929,1.20702,0.00744976,0.184528
929,1.23892,0.00750292,0.172813
929,1.20177,0.00658238,0.183197
929,1.14765,0.00570795,0.183989
929,1.20758,0.00816366,0.226694
929,1.21218,0.00879333,0.198154
929,1.17942,0.00628039,0.191587
929,1.13805,0.00684951,0.183371
929,1.19815,0.00795321,0.17709
929,1.19616,0.00769686,0.17341
929,1.18835,0.00803661,0.17501
929,1.17522,0.00758694,0.172544
929,1.2129,0.00970447,0.176262
929,1.1381,0.00697457,0.181003
929,1.23036,0.00569391,0.207894
929,1.27476,0.00796467,0.20644
929,1.08873,0.00795229,0.18187
930,1.29432,0.0069895,0.174298
930,1.15725,0.0063739,0.172564
930,1.2038,0.0110042,0.17748
930,1.15452,0.00672009,0.168831
930,1.20913,0.00826607,0.172706
930,1.2127,0.00810518,0.170012
930,1.22437,0.00642444,0.173413
930,1.1243,0.00764947,0.19706
930,1.22138,0.0083987,0.205012
930,1.13573,0.00822189,0.206361
930,1.20882,0.00732502,0.187265
930,1.12465,0.00633321,0.191628
930,1.17996,0.00774154,0.181057
930,1.21589,0.00849158,0.179178
930,1.16422,0.00720189,0.184686
930,1.17346,0.00670973,0.187093
930,1.22498,0.0100456,0.197634
930,1.13227,0.00649503,0.174742
930,1.19831,0.00725648,0.180283
930,1.26135,0.00829192,0.189105
931,1.18157,0.0099742,0.214985
931,1.18465,0.00808043,0.185198
931,1.18417,0.0129558,0.177363
931,1.25,0.00700541,0.169969
931,1.16989,0.00668993,0.180021
931,1.15106,0.00790681,0.175456
931,1.17549,0.00719906,0.170136
931,1.18492,0.00756462,0.175371
931,1.16706,0.00769819,0.172449
931,1.2028,0.00653606,0.178969
931,1.17018,0.00677873,0.177426
931,1.22447,0.00663288,0.18159
931,1.23988,0.00803097,0.174793
931,1.24317,0.00708283,0.181453
931,1.17724,0.00822569,0.171138
931,1.13953,0.0070887,0.174985
931,1.16854,0.00627546,0.174034
931,1.08258,0.00729941,0.18032
931,1.156,0.00679911,0.177936
931,1.18204,0.00758683,0.17157
932,1.22543,0.00743714,0.223981
932,1.20322,0.008534,0.197747
932,1.22835,0.00665562,0.176228
932,1.20128,0.00743494,0.174073
932,1.24173,0.00856512,0.19655
932,1.20133,0.00927556,0.177611
932,1.25914,0.00755905,0.216796
932,1.15044,0.00858311,0.195495
932,1.20212,0.00761426,0.193711
932,1.13136,0.00622014,0.186422
932,1.19944,0.00610549,0.192148
932,1.21135,0.0106825,0.175814
932,1.29761,0.0118619,0.18718
932,1.24174,0.00874172,0.189485
932,1.11607,0.0103186,0.191402
932,1.14513,0.00772452,0.180278
932,1.18628,0.00671703,0.171548
932,1.23808,0.0115842,0.182089
932,1.23185,0.00632604,0.17864
932,1.22702,0.00873309,0.17153
933,1.19877,0.00809407,0.172638
933,1.2277,0.00739274,0.170725
933,1.14394,0.00679478,0.169559
933,1.17545,0.00577743,0.168232
933,1.16802,0.00701142,0.169935
933,1.18895,0.00933228,0.17888
933,1.17475,0.00682605,0.186993
933,1.23484,0.00797034,0.191144
933,1.19154,0.00709424,0.185918
933,1.21615,0.00619721,0.180353
933,1.2312,0.00638972,0.168869
933,1.19323,0.00748223,0.174912
933,1.13973,0.00884408,0.189671
933,1.20565,0.00667382,0.202621
933,1.23972,0.00922085,0.178238
933,1.19881,0.00916359,0.183821
933,1.27612,0.00928496,0.174446
933,1.26592,0.0100579,0.184066
933,1.17353,0.00672139,0.182171
933,1.21657,0.0075213,0.169206
934,1.17979,0.00815453,0.179139
934,1.12722,0.00828875,0.170501
934,1.18977,0.0101551,0.195185
934,1.19751,0.00756129,0.175973
934,1.21608,0.00822946,0.171548
934,1.19864,0.00648955,0.180799
934,1.19017,0.00661009,0.180365
934,1.22798,0.00826256,0.173309
934,1.15565,0.00808219,0.171438
934,1.20506,0.00673927,0.173567
934,1.19192,0.00690058,0.178594
934,1.22288,0.0122846,0.180529
934,1.22599,0.00823656,0.175834
934,1.20216,0.00819314,0.169509
934,1.16089,0.00971801,0.180674
934,1.18233,0.00828442,0.175602
934,1.18979,0.00648857,0.166493
934,1.18791,0.00822137,0.16773
934,1.22076,0.0093807,0.169293
934,1.15359,0.00662091,0.173135
935,1.21821,0.00773338,0.173849
935,1.25743,0.00784036,0.16957
935,1.15776,0.00765234,0.171756
935,1.16052,0.00781609,0.167795
935,1.2134,0.00919422,0.174292
935,1.20358,0.00917752,0.170422
935,1.23981,0.00787954,0.167076
935,1.18061,0.00557862,0.169764
935,1.19599,0.00975242,0.17048
935,1.26874,0.0107643,0.174004
935,1.14396,0.00862048,0.204363
935,1.19365,0.00870747,0.170462
935,1.13076,0.00778759,0.178775
935,1.30947,0.00803727,0.172691
935,1.22901,0.00758411,0.178143
935,1.2027,0.00824244,0.2217
935,1.29151,0.00744667,0.172413
935,1.26318,0.0144549,0.180594
935,1.20661,0.00874456,0.178026
935,1.17214,0.00843142,0.180685
936,1.17283,0.00610864,0.233184
936,1.25387,0.00949554,0.173147
936,1.24087,0.00713729,0.169655
936,1.15948,0.0086241,0.200806
936,1.16689,0.00787642,0.17351
936,1.28312,0.00768998,0.195734
936,1.21021,0.00710724,0.171048
936,1.22953,0.00715971,0.185734
936,1.19337,0.00733285,0.21977
936,1.31604,0.0108444,0.233611
936,1.24973,0.00925451,0.177999
936,1.18965,0.00762966,0.169231
936,1.19833,0.00788652,0.183698
936,1.16274,0.00596235,0.189622
936,1.24427,0.00771941,0.183511
936,1.13341,0.00731114,0.174426
936,1.23889,0.00631748,0.173658
936,1.11802,0.00740711,0.168753
936,1.2623,0.00837039,0.166822
936,1.1813,0.00805537,0.168015
937,1.16799,0.00907891,0.176438
937,1.18082,0.00819112,0.186002
937,1.28935,0.00692303,0.186338
937,1.21901,0.00688257,0.171131
937,1.26689,0.00872393,0.178528
937,1.12747,0.0067263,0.174631
937,1.23254,0.00854129,0.204188
937,1.21293,0.00725006,0.182631
937,1.23975,0.00854967,0.175352
937,1.17582,0.00758887,0.170193
937,1.29356,0.0129897,0.187148
937,1.20468,0.00587758,0.175693
937,1.18985,0.00767137,0.192291
937,1.18182,0.00776821,0.182144
937,1.19545,0.00665625,0.177024
937,1.24373,0.0103475,0.176671
937,1.16278,0.00620288,0.173719
937,1.1906,0.00680406,0.191723
937,1.18412,0.00943293,0.176766
937,1.28697,0.0092662,0.180777
938,1.13955,0.00919328,0.212651
938,1.19875,0.00770365,0.174724
938,1.25365,0.00657339,0.171884
938,1.19072,0.0109072,0.172925
938,1.12097,0.00695313,0.171355
938,1.14247,0.00761941,0.175874
938,1.24613,0.00816277,0.172903
938,1.23161,0.00605114,0.17671
938,1.22417,0.00704122,0.174524
938,1.19595,0.00636073,0.178282
938,1.15285,0.00808528,0.175194
938,1.22176,0.00707763,0.180651
938,1.18027,0.0107622,0.172292
938,1.15362,0.00609369,0.171399
938,1.15702,0.0072362,0.173719
938,1.19814,0.00980731,0.17188
938,1.243,0.00779073,0.175784
938,1.1833,0.0078393,0.179725
938,1.20999,0.00787182,0.173955
938,1.20965,0.00841782,0.180605
939,1.18239,0.00788375,0.219903
939,1.18578,0.00875313,0.173288
939,1.18473,0.00754429,0.173868
939,1.17361,0.00778848,0.175084
939,1.19692,0.00747118,0.17179
939,1.14039,0.00816834,0.171674
939,1.24856,0.00614726,0.176883
939,1.19073,0.00741954,0.178238
939,1.21783,0.0084362,0.174497
939,1.16399,0.00736204,0.171431
939,1.14973,0.00812492,0.243843
939,1.18139,0.00689812,0.215711
939,1.22258,0.00970682,0.23026
939,1.20313,0.00712586,0.185034
939,1.17873,0.00775603,0.178664
939,1.24492,0.011215,0.178727
939,1.16844,0.00930157,0.203564
939,1.17758,0.00600549,0.180762
939,1.21348,0.00668787,0.172791
939,1.15816,0.0070676,0.177837
940,1.17851,0.00795283,0.184046
940,1.15347,0.0079779,0.174418
940,1.22459,0.00746942,0.170171
940,1.16143,0.00909501,0.188267
940,1.217,0.00740917,0.185593
940,1.1491,0.00848426,0.202587
940,1.21581,0.00727818,0.174986
940,1.20817,0.00752083,0.19911
940,1.23512,0.00705927,0.217718
940,1.23922,0.00939305,0.235041
940,1.14355,0.00788833,0.194372
940,1.168,0.00603564,0.191684
940,1.16141,0.00657729,0.180147
940,1.17073,0.00875579,0.17819
940,1.22844,0.0132036,0.182608
940,1.22977,0.00637988,0.178948
940,1.20831,0.00711023,0.222725
940,1.24962,0.00978216,0.17762
940,1.16157,0.00701915,0.173985
940,1.24286,0.00819812,0.178987
941,1.14178,0.00772156,0.190369
941,1.14707,0.00882158,0.17636
941,1.21086,0.00692417,0.178078
941,1.18613,0.00689504,0.197048
941,1.18385,0.0086938,0.175323
941,1.24381,0.00622482,0.171602
941,1.21632,0.0103236,0.182138
941,1.24012,0.0077364,0.187827
941,1.22503,0.00774565,0.176859
941,1.26593,0.00817446,0.178819
941,1.23882,0.00711525,0.185853
941,1.27433,0.0096851,0.200397
941,1.2424,0.00603121,0.185113
941,1.23832,0.00710053,0.175746
941,1.11634,0.00676985,0.199022
941,1.21364,0.00725297,0.194355
941,1.2447,0.0070202,0.206858
941,1.20516,0.00634259,0.214008
941,1.21002,0.00856673,0.197069
941,1.14961,0.0122068,0.185002
942,1.24574,0.00730733,0.254243
942,1.09505,0.00592693,0.186838
942,1.16266,0.00721744,0.188895
942,1.20805,0.00793283,0.171925
942,1.18118,0.00648936,0.207734
942,1.26875,0.0125437,0.178873
942,1.26945,0.009128,0.171549
942,1.20228,0.00927336,0.176665
942,1.261,0.00849215,0.178651
942,1.20939,0.0064622,0.173433
942,1.2038,0.00842174,0.171838
942,1.20298,0.0063672,0.173473
942,1.19716,0.00987837,0.178867
942,1.2652,0.00685682,0.173056
942,1.14696,0.00659898,0.173573
942,1.17991,0.00735645,0.171484
942,1.19032,0.00728401,0.173257
942,1.23921,0.0065332,0.171527
942,1.23146,0.00943214,0.178015
942,1.25979,0.00742343,0.171862
943,1.13904,0.00812127,0.18084
943,1.21982,0.00841774,0.171384
943,1.24631,0.00750367,0.169608
943,1.19856,0.00629187,0.173047
943,1.23683,0.00721516,0.1724
943,1.19809,0.00643709,0.176223
943,1.20269,0.00804527,0.170536
943,1.23307,0.00940519,0.171589
943,1.20869,0.00946134,0.174406
943,1.27765,0.00968467,0.175069
943,1.13427,0.00842819,0.175261
943,1.17164,0.00690392,0.186677
943,1.16333,0.00709137,0.192951
943,1.17223,0.0084692,0.176524
943,1.23995,0.00684392,0.182893
943,1.20102,0.0063473,0.182661
943,1.1738,0.00936097,0.200204
943,1.18948,0.00830656,0.175351
943,1.14236,0.008753,0.181436
943,1.18364,0.00834873,0.175648
944,1.17724,0.0106431,0.180023
944,1.14091,0.00829588,0.179589
944,1.20102,0.00742503,0.17349
944,1.11047,0.00853643,0.183976
944,1.21634,0.00872251,0.190163
944,1.23322,0.0102118,0.176349
944,1.14323,0.00654207,0.186663
944,1.25072,0.00776913,0.180425
944,1.1159,0.00741473,0.180415
944,1.14552,0.00840612,0.178649
944,1.17084,0.00729812,0.177137
944,1.26991,0.00849619,0.177024
944,1.19673,0.00707537,0.186978
944,1.16212,0.00619549,0.181554
944,1.18297,0.0091655,0.18409
944,1.20002,0.00789678,0.179823
944,1.24388,0.00859171,0.180442
944,1.12018,0.0077295,0.172695
944,1.17914,0.00717423,0.17522
944,1.23688,0.011386,0.183713
945,1.2216,0.0082674,0.219659
945,1.24326,0.00891056,0.172137
945,1.17123,0.0117176,0.171598
945,1.17079,0.00816066,0.170651
945,1.23203,0.00772749,0.170332
945,1.19699,0.00784329,0.173282
945,1.24468,0.0113322,0.172029
945,1.19241,0.00694872,0.172268
945,1.15666,0.00617834,0.171926
945,1.09549,0.00633624,0.171937
945,1.217,0.00705644,0.173555
945,1.21739,0.00818384,0.174545
945,1.22856,0.00745423,0.172517
945,1.25261,0.00701005,0.172091
945,1.22342,0.007486,0.198551
945,1.27316,0.00866462,0.177127
945,1.2188,0.0092349,0.170124
945,1.18095,0.0077625,0.175039
945,1.18441,0.00568481,0.174279
945,1.19169,0.00612699,0.171825
946,1.20451,0.00947777,0.184008
946,1.22079,0.00583197,0.179755
946,1.23512,0.00680488,0.17418
946,1.23232,0.00789174,0.183994
946,1.16554,0.0123317,0.179016
946,1.15655,0.00839773,0.17557
946,1.19291,0.00741092,0.173557
946,1.26022,0.00713699,0.172944
946,1.26991,0.00718603,0.172399
946,1.1609,0.00765642,0.176925
946,1.15915,0.00730426,0.174835
946,1.19618,0.0119117,0.175035
946,1.25467,0.00596931,0.177707
946,1.18166,0.00604383,0.173382
946,1.15486,0.0080852,0.17292
946,1.20937,0.00634081,0.171574
946,1.25172,0.0112991,0.171548
946,1.19226,0.00819263,0.172312
946,1.26391,0.00855468,0.171679
946,1.19722,0.00556805,0.173443
947,1.2546,0.00714537,0.184858
947,1.24014,0.0104789,0.182711
947,1.16741,0.00769045,0.183823
947,1.20594,0.00805792,0.179632
947,1.1945,0.00728965,0.173519
947,1.16049,0.00746167,0.179148
947,1.20212,0.00630957,0.184197
947,1.21295,0.00925526,0.174301
947,1.141,0.00950011,0.173988
947,1.11824,0.0068485,0.176581
947,1.14113,0.00920003,0.173251
947,1.23365,0.00818025,0.174579
947,1.20183,0.00599908,0.17313
947,1.16858,0.00590063,0.1745
947,1.20936,0.00835746,0.172917
947,1.15008,0.0079624,0.172812
947,1.21332,0.00730719,0.173397
947,1.24429,0.00762894,0.174052
947,1.19331,0.007759,0.173455
947,1.18831,0.00715515,0.176602
948,1.22323,0.00730851,0.18063
948,1.15126,0.00800694,0.177652
948,1.16181,0.00608833,0.175075
948,1.28928,0.00680974,0.175323
948,1.29836,0.00836082,0.176538
948,1.15418,0.00735648,0.179613
948,1.23961,0.00739738,0.178508
948,1.24427,0.00848473,0.175264
948,1.21627,0.0100542,0.172023
948,1.17879,0.00721537,0.174439
948,1.28515,0.00922562,0.176313
948,1.13987,0.00630642,0.179386
948,1.24854,0.00745636,0.17459
948,1.22374,0.00864807,0.172166
948,1.19651,0.00649585,0.175285
948,1.18122,0.00747316,0.173673
948,1.20306,0.00582361,0.17206
948,1.17641,0.00751294,0.175299
948,1.19323,0.00905819,0.174173
948,1.20378,0.00723377,0.173508
949,1.2032,0.00655671,0.219321
949,1.2903,0.00945449,0.172584
949,1.21185,0.00697191,0.173432
949,1.17752,0.00672173,0.173343
949,1.25474,0.00630256,0.175561
949,1.20046,0.00979385,0.174387
949,1.22995,0.00717228,0.173526
949,1.15762,0.0080844,0.17353
949,1.17621,0.00640138,0.177739
949,1.22329,0.00632512,0.177592
949,1.13309,0.00671839,0.174891
949,1.23349,0.00890442,0.17326
949,1.23181,0.0099514,0.172896
949,1.19713,0.00642663,0.176811
949,1.26312,0.00704264,0.172875
949,1.21161,0.00609007,0.190743
949,1.26502,0.00835687,0.178273
949,1.22831,0.00731863,0.173525
949,1.18329,0.00991324,0.176622
949,1.16567,0.0080067,0.179632
950,1.26302,0.00767408,0.181611
950,1.15334,0.00979784,0.177923
950,1.20917,0.00680524,0.175589
950,1.23163,0.00823159,0.175545
950,1.14506,0.00784104,0.17543
950,1.22081,0.00700553,0.174036
950,1.15481,0.0065509,0.177363
950,1.29057,0.00734449,0.174227
950,1.24724,0.00627863,0.206719
950,1.23207,0.00593982,0.176567
950,1.26575,0.00825556,0.17488
950,1.20919,0.00714273,0.179587
950,1.19079,0.00632032,0.181437
950,1.21719,0.00815142,0.181153
950,1.23958,0.00754314,0.176923
950,1.14922,0.0102256,0.17471
950,1.17599,0.00852839,0.175244
950,1.22504,0.00716176,0.175219
950,1.27014,0.0063053,0.174608
950,1.19607,0.0085054,0.178244
951,1.1738,0.00996028,0.182664
951,1.13542,0.00780447,0.174497
951,1.2959,0.00631616,0.178191
951,1.16551,0.00755695,0.17426
951,1.28774,0.007203,0.174359
951,1.19581,0.00731413,0.176761
951,1.22137,0.00794276,0.174618
951,1.20066,0.00659756,0.174395
951,1.22006,0.0061025,0.174303
951,1.17107,0.00846596,0.175274
951,1.20779,0.00699237,0.174447
951,1.22676,0.0063689,0.173778
951,1.18323,0.00991161,0.183832
951,1.16016,0.00764733,0.183043
951,1.19798,0.0078309,0.181597
951,1.21184,0.00759723,0.181326
951,1.14366,0.00726284,0.183774
951,1.20479,0.00776358,0.181012
951,1.29019,0.00718734,0.204216
951,1.27357,0.00690297,0.204666
952,1.13251,0.00732764,0.19914
952,1.13369,0.00760847,0.193862
952,1.21272,0.00734272,0.188344
952,1.21616,0.00699061,0.193171
952,1.24965,0.00642606,0.19354
952,1.162,0.00725412,0.191572
952,1.17105,0.00563789,0.196961
952,1.17329,0.00730806,0.195517
952,1.22132,0.00954351,0.210555
952,1.25628,0.0111649,0.188141
952,1.18169,0.0071915,0.192896
952,1.18801,0.00624418,0.199443
952,1.2129,0.00780655,0.18867
952,1.21236,0.00624191,0.18617
952,1.19064,0.00687788,0.177409
952,1.17213,0.00894562,0.183964
952,1.1671,0.00800567,0.189694
952,1.17738,0.00701428,0.195267
952,1.17479,0.00953292,0.183003
952,1.25911,0.00610574,0.184695
953,1.18831,0.00959095,0.223211
953,1.22472,0.00800192,0.175435
953,1.20541,0.00764878,0.17845
953,1.13445,0.00767731,0.184371
953,1.187,0.0086705,0.179143
953,1.23079,0.00890257,0.17561
953,1.18715,0.00663942,0.175614
953,1.24945,0.00831209,0.177176
953,1.20085,0.00622153,0.179023
953,1.17106,0.00800576,0.187716
953,1.17188,0.00693312,0.181556
953,1.19445,0.00917292,0.18122
953,1.20687,0.00639208,0.176865
953,1.23051,0.00740298,0.17787
953,1.23773,0.00853653,0.182375
953,1.20458,0.00715757,0.178328
953,1.12564,0.00809865,0.179216
953,1.19624,0.00636645,0.1817
953,1.16968,0.00636625,0.18599
953,1.21875,0.00716936,0.17975
954,1.2077,0.00852855,0.18733
954,1.19087,0.00891875,0.176342
954,1.23566,0.00731716,0.177082
954,1.11778,0.00714883,0.176941
954,1.20316,0.00757175,0.178187
954,1.18221,0.00798993,0.178601
954,1.21602,0.00672982,0.177261
954,1.23421,0.0104723,0.177039
954,1.17156,0.0063262,0.180136
954,1.15587,0.00835205,0.177353
954,1.16593,0.00873961,0.176274
954,1.14397,0.00631775,0.178626
954,1.18267,0.00867527,0.175828
954,1.19988,0.0102182,0.177009
954,1.20505,0.00906658,0.178371
954,1.23119,0.00672317,0.175933
954,1.1539,0.0079497,0.178173
954,1.18081,0.00942096,0.177025
954,1.21647,0.00619146,0.177411
954,1.22937,0.00648975,0.201751
955,1.21395,0.00826708,0.182938
955,1.26855,0.00924182,0.179754
955,1.23913,0.00765919,0.180657
955,1.1944,0.007326,0.182348
955,1.22451,0.0102709,0.177906
955,1.19589,0.00752725,0.178339
955,1.22915,0.00625787,0.179195
955,1.21511,0.0108159,0.176562
955,1.1918,0.00739548,0.179769
955,1.20754,0.0114819,0.17945
955,1.16011,0.00687616,0.176149
955,1.19159,0.00863156,0.179253
955,1.17258,0.00714965,0.177043
955,1.23122,0.00966942,0.177728
955,1.21295,0.00870624,0.17611
955,1.18101,0.0085754,0.179106
955,1.17581,0.00646235,0.176179
955,1.28141,0.00758455,0.175529
955,1.15221,0.00642279,0.17599
955,1.16488,0.00588228,0.176578
956,1.28312,0.00810746,0.182022
956,1.20211,0.00824499,0.177625
956,1.14914,0.00720349,0.17657
956,1.21163,0.00649384,0.174669
956,1.18492,0.00595082,0.178329
956,1.21304,0.00739408,0.180749
956,1.16284,0.00655428,0.179117
956,1.17495,0.00817275,0.178297
956,1.16098,0.00611781,0.177051
956,1.19773,0.00775576,0.179218
956,1.14556,0.00726943,0.176586
956,1.19224,0.00679637,0.176251
956,1.2407,0.00771624,0.178326
956,1.23889,0.00856459,0.175394
956,1.13042,0.0075443,0.180631
956,1.18402,0.00741311,0.176863
956,1.19709,0.0103198,0.177885
956,1.24691,0.00662368,0.175293
956,1.17798,0.00824515,0.177843
956,1.21614,0.0066604,0.17704
957,1.1715,0.0065784,0.226807
957,1.23876,0.0089954,0.184071
957,1.21806,0.00702195,0.179593
957,1.18829,0.00794491,0.186968
957,1.17052,0.00995412,0.185373
957,1.23869,0.00795744,0.187381
957,1.1745,0.00734486,0.201579
957,1.25052,0.00766153,0.188113
957,1.21856,0.00724456,0.185534
957,1.15932,0.00626003,0.178515
957,1.26048,0.00745198,0.181044
957,1.21416,0.00678564,0.187572
957,1.0953,0.00699924,0.184543
957,1.18981,0.00936827,0.180781
957,1.1692,0.0082097,0.181534
957,1.1715,0.00779941,0.18037
957,1.25485,0.00836502,0.1796
957,1.23397,0.00885224,0.181008
957,1.23051,0.00721857,0.180353
957,1.21005,0.00892839,0.184149
958,1.20113,0.00666573,0.184229
958,1.1848,0.00966109,0.181886
958,1.22285,0.00874002,0.181581
958,1.24582,0.00753323,0.181668
958,1.13681,0.00719631,0.182887
958,1.12544,0.00837837,0.180208
958,1.18678,0.00627674,0.182199
958,1.19666,0.00932796,0.182011
958,1.15559,0.00629981,0.180799
958,1.19433,0.00593107,0.180818
958,1.19658,0.00675312,0.183324
958,1.22479,0.00718205,0.180165
958,1.20413,0.00666744,0.181751
958,1.13174,0.010413,0.185519
958,1.16759,0.00585834,0.186562
958,1.16625,0.00724708,0.189624
958,1.25494,0.0102999,0.182657
958,1.19248,0.00716632,0.179851
958,1.16832,0.00584208,0.182832
958,1.12051,0.00714433,0.181624
959,1.21881,0.00670618,0.187137
959,1.21998,0.00723514,0.183665
959,1.22023,0.00998083,0.182272
959,1.22755,0.00880555,0.185976
959,1.23458,0.00720018,0.188212
959,1.27175,0.00788305,0.187443
959,1.18357,0.00705843,0.182602
959,1.10481,0.0072918,0.197091
959,1.25036,0.00922227,0.193113
959,1.19748,0.00690808,0.192356
959,1.21788,0.00686909,0.208438
959,1.189,0.00897705,0.222178
959,1.16981,0.00742087,0.205795
959,1.15507,0.0103604,0.200441
959,1.24692,0.00651888,0.193071
959,1.1775,0.00743137,0.206701
959,1.16319,0.00562984,0.2039
959,1.22977,0.00831904,0.211401
959,1.19486,0.0129602,0.200216
959,1.25454,0.00876812,0.206958
960,1.14629,0.010863,0.309294
960,1.1833,0.00712963,0.218492
960,1.22013,0.00900437,0.222048
960,1.1623,0.00740659,0.227311
960,1.15595,0.0107195,0.203175
960,1.22308,0.00719748,0.210204
960,1.18443,0.00590586,0.200735
960,1.23209,0.00843633,0.201582
960,1.19969,0.00572952,0.182547
960,1.21663,0.00647942,0.185706
960,1.18564,0.00991431,0.18134
960,1.27388,0.0072892,0.186995
960,1.20753,0.0124444,0.195672
960,1.23826,0.0113515,0.190961
960,1.17403,0.00936986,0.190078
960,1.15318,0.00740297,0.18169
960,1.21129,0.00668173,0.183317
960,1.14174,0.00761353,0.183494
960,1.22638,0.0071392,0.192872
960,1.25379,0.00821162,0.191001
961,1.22723,0.00845379,0.197025
961,1.0932,0.0064015,0.18938
961,1.20239,0.00776262,0.190455
961,1.13804,0.00585269,0.184007
961,1.21593,0.0056272,0.186633
961,1.17435,0.00735104,0.183948
961,1.1698,0.00645559,0.183837
961,1.16359,0.00614157,0.183195
961,1.26093,0.0089894,0.181816
961,1.15689,0.00781764,0.192373
961,1.21833,0.00865453,0.189382
961,1.17106,0.00736154,0.189581
961,1.20924,0.00836796,0.191346
961,1.17588,0.00732423,0.190175
961,1.20973,0.00879032,0.191855
961,1.20076,0.0111449,0.18869
961,1.16409,0.00837186,0.193531
961,1.27519,0.00845277,0.195498
961,1.16024,0.0101407,0.196589
961,1.17711,0.00880323,0.187283
962,1.18492,0.00855589,0.189723
962,1.16168,0.00695725,0.186893
962,1.16498,0.00669554,0.18745
962,1.20568,0.00845286,0.191877
962,1.13693,0.00614882,0.189353
962,1.16685,0.008383,0.190389
962,1.21374,0.00941468,0.188891
962,1.19425,0.00692143,0.189669
962,1.16499,0.00716953,0.189548
962,1.17029,0.00710044,0.189274
962,1.2313,0.00646599,0.191928
962,1.13939,0.00925697,0.197107
962,1.13379,0.00819828,0.192532
962,1.18111,0.00656161,0.185147
962,1.16716,0.00710932,0.183488
962,1.21003,0.00658315,0.185026
962,1.22473,0.00648879,0.191887
962,1.28215,0.00643904,0.193892
962,1.2619,0.00875593,0.194445
962,1.20432,0.00648176,0.192111
963,1.19075,0.0080542,0.209123
963,1.24742,0.00814949,0.198221
963,1.27184,0.0083736,0.195137
963,1.2721,0.00864705,0.183844
963,1.17138,0.00668146,0.182891
963,1.20478,0.00945195,0.188246
963,1.19461,0.00708442,0.196092
963,1.19008,0.00572963,0.18782
963,1.22639,0.00851436,0.181671
963,1.19846,0.00715793,0.18803
963,1.24556,0.00750488,0.188172
963,1.21875,0.00935622,0.205332
963,1.18905,0.00801155,0.186262
963,1.14874,0.00837233,0.18431
963,1.18662,0.0073824,0.200965
963,1.19635,0.00741346,0.20198
963,1.23894,0.0111532,0.224717
963,1.24405,0.00701521,0.196248
963,1.16893,0.00715796,0.181745
963,1.15121,0.00634405,0.190617
964,1.21387,0.00591428,0.238543
964,1.24121,0.00655458,0.197521
964,1.18609,0.0082314,0.185181
964,1.27489,0.00939763,0.190921
964,1.23008,0.00608904,0.192746
964,1.22203,0.00789723,0.18979
964,1.20308,0.00651652,0.188801
964,1.23134,0.00742536,0.18784
964,1.16853,0.00700322,0.184419
964,1.23989,0.00686649,0.183078
964,1.22001,0.0081012,0.183325
964,1.21651,0.0070909,0.184013
964,1.17881,0.00822424,0.181119
964,1.21151,0.00765187,0.182928
964,1.22293,0.00581536,0.185002
964,1.22262,0.00677392,0.182129
964,1.19554,0.00584059,0.184303
964,1.20595,0.00808429,0.184426
964,1.19985,0.00713742,0.185214
964,1.23215,0.00672643,0.186222
965,1.25639,0.00647492,0.192683
965,1.28321,0.00675719,0.183518
965,1.20811,0.00767263,0.184155
965,1.15915,0.0077382,0.18546
965,1.28114,0.00812976,0.187883
965,1.17701,0.00751001,0.182939
965,1.12319,0.00850174,0.182945
965,1.10605,0.00782995,0.186578
965,1.17519,0.00576841,0.182375
965,1.20487,0.00877149,0.186023
965,1.25713,0.00732008,0.183303
965,1.21435,0.00641846,0.190786
965,1.20873,0.00808635,0.184264
965,1.22383,0.00647417,0.181753
965,1.17045,0.00943581,0.18851
965,1.13862,0.00648002,0.181967
965,1.20273,0.0099531,0.226866
965,1.25042,0.00759041,0.182837
965,1.2157,0.00627338,0.183956
965,1.2148,0.00775504,0.219165
966,1.24642,0.00760672,0.197289
966,1.23836,0.00879888,0.188329
966,1.22791,0.00685782,0.183745
966,1.17962,0.00766991,0.184579
966,1.19873,0.00822885,0.184595
966,1.21597,0.00675891,0.185774
966,1.22322,0.010576,0.186864
966,1.18007,0.00707125,0.184209
966,1.14326,0.00690305,0.183614
966,1.20838,0.00744205,0.187389
966,1.25196,0.00709377,0.186086
966,1.13621,0.00672784,0.18479
966,1.13287,0.00664117,0.18484
966,1.2027,0.00967174,0.186421
966,1.13437,0.00936591,0.190402
966,1.19722,0.00859887,0.183196
966,1.13739,0.00612091,0.186426
966,1.19288,0.00665739,0.182728
966,1.19696,0.00771615,0.185743
966,1.21645,0.0062836,0.183787
967,1.2073,0.00906218,0.231532
967,1.25173,0.00613304,0.182665
967,1.22842,0.00742522,0.186081
967,1.14757,0.00619652,0.188219
967,1.29602,0.00900121,0.185001
967,1.15938,0.00817595,0.187995
967,1.17658,0.00891262,0.182597
967,1.28772,0.00716515,0.188148
967,1.2245,0.00849222,0.18658
967,1.21375,0.00615333,0.188501
967,1.18945,0.00877228,0.183552
967,1.16872,0.00759375,0.184514
967,1.22032,0.00764619,0.187403
967,1.17439,0.00688069,0.183903
967,1.20179,0.00720685,0.186163
967,1.28185,0.00711198,0.188899
967,1.17231,0.0070781,0.187213
967,1.22756,0.006504,0.184742
967,1.18319,0.00602686,0.189455
967,1.1665,0.00753378,0.188059
968,1.16913,0.00839561,0.188565
968,1.17593,0.00681696,0.191376
968,1.22178,0.00706474,0.215027
968,1.25796,0.00805405,0.187668
968,1.22111,0.00631109,0.190345
968,1.18719,0.00907333,0.192633
968,1.19871,0.00671524,0.190279
968,1.1954,0.00913974,0.189167
968,1.19142,0.00908923,0.186317
968,1.17834,0.00716406,0.186104
968,1.19288,0.0084806,0.188785
968,1.19869,0.00754536,0.194259
968,1.17274,0.00748632,0.190541
968,1.14062,0.00701952,0.184002
968,1.19777,0.00898457,0.187744
968,1.23911,0.00700571,0.189545
968,1.21078,0.00778719,0.21432
968,1.22528,0.00691592,0.183384
968,1.2164,0.00759488,0.192835
968,1.22559,0.00767088,0.189354
969,1.19602,0.00722144,0.20352
969,1.2033,0.00918631,0.192654
969,1.18111,0.00633487,0.183993
969,1.14179,0.00691285,0.190083
969,1.16517,0.00608057,0.193683
969,1.22365,0.00807364,0.183845
969,1.19564,0.00735778,0.185794
969,1.23591,0.00681188,0.187996
969,1.15818,0.00650861,0.183146
969,1.18626,0.00954979,0.182274
969,1.16789,0.00686839,0.18672
969,1.17824,0.00738365,0.182189
969,1.27207,0.00716111,0.183204
969,1.26203,0.0105965,0.200997
969,1.20808,0.00734769,0.195822
969,1.1745,0.00932154,0.182747
969,1.25502,0.00611735,0.187303
969,1.15813,0.00711333,0.190614
969,1.19732,0.00819275,0.18199
969,1.23027,0.0077547,0.186086
970,1.22381,0.00699125,0.195652
970,1.20152,0.00591449,0.197368
970,1.26661,0.0087275,0.191534
970,1.19581,0.00650897,0.198824
970,1.19155,0.00802482,0.192087
970,1.21155,0.00629327,0.231957
970,1.22427,0.00630036,0.211505
970,1.17199,0.00806059,0.208766
970,1.09666,0.00563361,0.209365
970,1.1867,0.00640708,0.250443
970,1.16902,0.00891838,0.205211
970,1.17642,0.00812672,0.209113
970,1.22385,0.00812364,0.208303
970,1.25345,0.00831557,0.209945
970,1.22917,0.00856326,0.193301
970,1.19763,0.00665048,0.185575
970,1.16475,0.0074245,0.188761
970,1.30353,0.00894563,0.188061
970,1.24681,0.00670031,0.193982
970,1.20335,0.00641898,0.18591
971,1.1875,0.00672471,0.193048
971,1.22342,0.00900024,0.190165
971,1.13002,0.00661629,0.190763
971,1.21348,0.00635887,0.190469
971,1.28073,0.00782977,0.187392
971,1.23647,0.00680241,0.184647
971,1.23923,0.00822218,0.190604
971,1.17464,0.00606739,0.184269
971,1.27952,0.0071024,0.188855
971,1.17674,0.00783119,0.189422
971,1.25338,0.00773307,0.187702
971,1.25069,0.00757836,0.192576
971,1.1815,0.00830767,0.185828
971,1.19172,0.00593675,0.184789
971,1.21601,0.00917661,0.190979
971,1.22341,0.00746427,0.195422
971,1.16338,0.0130335,0.18802
971,1.22271,0.00980327,0.190241
971,1.18072,0.00650299,0.1983
971,1.13081,0.00687333,0.192358
972,1.1365,0.00797042,0.19431
972,1.21457,0.0112656,0.186264
972,1.16609,0.00727464,0.187662
972,1.10716,0.00554395,0.187051
972,1.18053,0.00640892,0.18878
972,1.19662,0.00693317,0.188062
972,1.17531,0.0066037,0.188489
972,1.22677,0.00809192,0.187219
972,1.1501,0.00548275,0.219077
972,1.21651,0.00681421,0.187581
972,1.13759,0.00851924,0.186827
972,1.09035,0.00638688,0.192062
972,1.19616,0.00718814,0.187544
972,1.20122,0.00745571,0.185968
972,1.22561,0.00761989,0.188845
972,1.18493,0.00759838,0.190028
972,1.14331,0.0137318,0.187525
972,1.32296,0.00901155,0.186422
972,1.23519,0.00847722,0.188473
972,1.16461,0.00570272,0.187657
973,1.18666,0.00732102,0.192929
973,1.15164,0.00837636,0.185733
973,1.25159,0.00628003,0.187173
973,1.24628,0.00727788,0.189263
973,1.28306,0.00785324,0.186555
973,1.20787,0.00728629,0.189736
973,1.25829,0.00948632,0.186426
973,1.24501,0.00687119,0.187841
973,1.19697,0.0080019,0.19194
973,1.19231,0.00660826,0.193476
973,1.22619,0.0084457,0.187037
973,1.17944,0.00636434,0.191774
973,1.23433,0.00695048,0.188676
973,1.2182,0.00593085,0.193726
973,1.23911,0.00882089,0.191461
973,1.14355,0.00936731,0.188493
973,1.18845,0.00956077,0.1869
973,1.15513,0.00840164,0.188591
973,1.14336,0.00858908,0.188278
973,1.247,0.00668632,0.187215
974,1.19758,0.00773126,0.240004
974,1.25912,0.00718143,0.184821
974,1.26968,0.00898567,0.18574
974,1.16878,0.00678351,0.186611
974,1.2409,0.00962095,0.188886
974,1.14236,0.0077844,0.189395
974,1.16277,0.0104754,0.18685
974,1.22834,0.00859158,0.188859
974,1.17212,0.00724208,0.192199
974,1.18734,0.0082355,0.193372
974,1.2161,0.0104703,0.19262
974,1.17012,0.0067653,0.18719
974,1.19474,0.00970682,0.18595
974,1.16771,0.0084603,0.189535
974,1.11427,0.00781148,0.188492
974,1.14676,0.00610672,0.189572
974,1.15922,0.00619644,0.194095
974,1.20595,0.00746043,0.189637
974,1.20729,0.00630939,0.18972
974,1.22371,0.00744423,0.191503
975,1.15823,0.00962375,0.198269
975,1.17066,0.00705496,0.18955
975,1.22072,0.00959958,0.200115
975,1.21971,0.00734724,0.19756
975,1.18973,0.00693301,0.199551
975,1.20641,0.00645397,0.20195
975,1.20241,0.00881697,0.1911
975,1.19283,0.00745858,0.194858
975,1.18581,0.00987978,0.191837
975,1.19224,0.00949468,0.1948
975,1.18754,0.00755693,0.198393
975,1.12373,0.00662413,0.200628
975,1.18917,0.00714482,0.189526
975,1.22209,0.0074889,0.186803
975,1.11354,0.00809882,0.18719
975,1.26463,0.00971224,0.187832
975,1.15548,0.00731437,0.195043
975,1.22316,0.00907871,0.189645
975,1.18596,0.00614174,0.189267
975,1.1839,0.00745694,0.187122
976,1.24284,0.00650307,0.191792
976,1.16922,0.00732559,0.187684
976,1.2066,0.00803646,0.185935
976,1.14789,0.00676496,0.18504
976,1.20084,0.00705609,0.1862
976,1.20935,0.00827673,0.185024
976,1.19562,0.0129529,0.19266
976,1.17295,0.00821651,0.187947
976,1.16227,0.00585834,0.188447
976,1.27824,0.00651838,0.184768
976,1.19165,0.00719604,0.187029
976,1.28254,0.00734624,0.187418
976,1.15821,0.0110106,0.185227
976,1.23071,0.0100226,0.187535
976,1.22983,0.0111462,0.187434
976,1.24299,0.0111435,0.230338
976,1.22295,0.00795318,0.184931
976,1.16334,0.00653506,0.184879
976,1.1621,0.00574737,0.190226
976,1.17305,0.00871358,0.187796
977,1.17893,0.00643136,0.230296
977,1.21893,0.00608385,0.184528
977,1.20222,0.00724352,0.187204
977,1.20736,0.00656086,0.186661
977,1.2138,0.00966065,0.187416
977,1.12256,0.00826697,0.185065
977,1.16658,0.00697527,0.188231
977,1.22734,0.00752676,0.185941
977,1.24506,0.00728423,0.186798
977,1.20929,0.00770875,0.190226
977,1.21655,0.00591033,0.186141
977,1.25754,0.00665773,0.200054
977,1.19535,0.00794875,0.195804
977,1.18041,0.00703468,0.195439
977,1.19813,0.00711743,0.192963
977,1.22115,0.00851984,0.191041
977,1.13979,0.0070217,0.185649
977,1.24898,0.00764283,0.183767
977,1.12682,0.00755026,0.196303
977,1.17841,0.00642196,0.192901
978,1.16777,0.00723631,0.195748
978,1.26267,0.00658005,0.221697
978,1.18973,0.00705585,0.19228
978,1.20025,0.00653572,0.194181
978,1.14288,0.00883616,0.194429
978,1.23136,0.00709409,0.189693
978,1.25109,0.00714436,0.185115
978,1.1803,0.0059298,0.186406
978,1.23602,0.00976889,0.185342
978,1.16464,0.0103643,0.188377
978,1.13724,0.010046,0.186939
978,1.2188,0.0100259,0.19149
978,1.23775,0.00570112,0.186435
978,1.20024,0.00702656,0.187001
978,1.19649,0.00710446,0.187676
978,1.22261,0.00719587,0.185965
978,1.21415,0.0105897,0.188795
978,1.18537,0.00900143,0.195273
978,1.1744,0.00702054,0.205447
978,1.16441,0.00862595,0.185238
979,1.17531,0.00577694,0.192788
979,1.20263,0.00692952,0.202393
979,1.25234,0.006959,0.192909
979,1.23509,0.00815378,0.186148
979,1.14844,0.00737177,0.188764
979,1.20032,0.0064684,0.186135
979,1.23907,0.00677215,0.190579
979,1.23671,0.00674966,0.185595
979,1.17383,0.00717111,0.187566
979,1.21543,0.00775363,0.187083
979,1.19644,0.00728778,0.188732
979,1.19932,0.00898772,0.191314
979,1.26361,0.00883645,0.190389
979,1.19013,0.00811356,0.188265
979,1.1659,0.00759414,0.18906
979,1.25632,0.00722951,0.188056
979,1.23456,0.00922243,0.187723
979,1.19256,0.00681969,0.18748
979,1.15484,0.00766922,0.190215
979,1.14729,0.010424,0.189645
980,1.24675,0.00677806,0.194908
980,1.21227,0.00872148,0.188619
980,1.20681,0.00709398,0.189085
980,1.12602,0.00866351,0.192741
980,1.18922,0.00955964,0.18796
980,1.22015,0.0103543,0.186823
980,1.16529,0.00709027,0.187495
980,1.13473,0.00599748,0.189626
980,1.2226,0.00666223,0.188774
980,1.16356,0.00579207,0.190438
980,1.21713,0.00691127,0.19882
980,1.22771,0.00626344,0.18956
980,1.17637,0.00631198,0.194131
980,1.22718,0.00595119,0.195262
980,1.22363,0.00784702,0.190838
980,1.23546,0.0074528,0.203398
980,1.15393,0.00690572,0.19405
980,1.1835,0.00758235,0.18681
980,1.1861,0.00762646,0.181601
980,1.21827,0.00757388,0.171884
981,1.17258,0.00660979,0.207817
981,1.21219,0.00708642,0.169073
981,1.17832,0.00687548,0.188938
981,1.21971,0.00848933,0.167081
981,1.18873,0.00554509,0.168282
981,1.18342,0.00691436,0.17284
981,1.1802,0.00885987,0.166888
981,1.15942,0.00725609,0.176567
981,1.1747,0.0063933,0.187654
981,1.23994,0.00723645,0.17107
981,1.21736,0.00638704,0.184888
981,1.2227,0.00864759,0.184065
981,1.17974,0.00821477,0.190128
981,1.2069,0.0082368,0.183092
981,1.17777,0.00711175,0.188629
981,1.14386,0.00759753,0.189079
981,1.19219,0.00776966,0.183673
981,1.24752,0.00638903,0.185256
981,1.16983,0.00764674,0.193427
981,1.21407,0.00753656,0.193339
982,1.14727,0.00716976,0.19038
982,1.22641,0.0099494,0.189042
982,1.21133,0.00631286,0.185874
982,1.11113,0.00704884,0.198477
982,1.22461,0.00772839,0.199302
982,1.27457,0.00708624,0.167711
982,1.16916,0.00895291,0.187418
982,1.18639,0.0056972,0.192197
982,1.16882,0.00616756,0.169654
982,1.21537,0.00870842,0.190634
982,1.13872,0.00681857,0.189791
982,1.09946,0.00721842,0.192295
982,1.19407,0.00780678,0.173374
982,1.22258,0.00897125,0.16397
982,1.20739,0.00765128,0.185422
982,1.1778,0.00715305,0.194423
982,1.1359,0.00774773,0.168411
982,1.20284,0.00685531,0.181643
982,1.10341,0.00850795,0.194815
982,1.13213,0.00596285,0.193123
983,1.151,0.00772258,0.199404
983,1.22473,0.00682907,0.193679
983,1.2732,0.00707485,0.202153
983,1.227,0.00836695,0.19549
983,1.23549,0.00725422,0.182376
983,1.17201,0.00795186,0.17551
983,1.16009,0.00587268,0.187582
983,1.18159,0.00916654,0.189293
983,1.22529,0.00769719,0.189198
983,1.19843,0.00915127,0.18063
983,1.22363,0.00775884,0.172404
983,1.21625,0.00982495,0.169114
983,1.17481,0.00591286,0.1756
983,1.18059,0.00660106,0.179781
983,1.21899,0.00685494,0.166383
983,1.1932,0.00612565,0.164597
983,1.16659,0.00791226,0.164247
983,1.25885,0.00623314,0.164187
983,1.19814,0.00717693,0.165496
983,1.23491,0.00616507,0.164437
984,1.20425,0.00558406,0.188035
984,1.19669,0.00979991,0.185398
984,1.16378,0.00742196,0.183735
984,1.18416,0.00659296,0.18937
984,1.20484,0.00822421,0.185374
984,1.31032,0.00730852,0.190249
984,1.15497,0.00715504,0.183197
984,1.21298,0.00745986,0.189382
984,1.21594,0.00806899,0.191373
984,1.25966,0.00701086,0.190494
984,1.1862,0.00755255,0.197971
984,1.20744,0.00589101,0.184073
984,1.22942,0.00733244,0.195619
984,1.23695,0.00835567,0.195895
984,1.27828,0.00770873,0.204131
984,1.15327,0.00817679,0.175049
984,1.1566,0.00778824,0.189777
984,1.24807,0.0080896,0.186158
984,1.22178,0.00703865,0.191753
984,1.2009,0.00777124,0.183299
985,1.16943,0.00783583,0.216864
985,1.16004,0.0077257,0.186589
985,1.24518,0.00839557,0.182379
985,1.25032,0.00826223,0.179867
985,1.11659,0.00532602,0.184283
985,1.26587,0.00883464,0.192673
985,1.14413,0.00562441,0.189564
985,1.20106,0.00678942,0.197011
985,1.17993,0.00824471,0.180214
985,1.11588,0.00613517,0.185839
985,1.21077,0.0082151,0.190327
985,1.22272,0.00751469,0.207488
985,1.15059,0.00833273,0.201462
985,1.19721,0.010272,0.191904
985,1.17345,0.00599477,0.190003
985,1.25152,0.00765168,0.188296
985,1.16205,0.00761483,0.185442
985,1.20747,0.00740603,0.189223
985,1.23979,0.00614008,0.18712
985,1.12617,0.00755018,0.204795
986,1.22561,0.00761242,0.196009
986,1.2756,0.0116652,0.192025
986,1.21409,0.00717211,0.190313
986,1.24709,0.00925226,0.187739
986,1.24174,0.011462,0.189338
986,1.1897,0.00630556,0.188866
986,1.22634,0.00675856,0.187803
986,1.19516,0.00613837,0.188403
986,1.18675,0.0069435,0.189451
986,1.15526,0.00667252,0.184954
986,1.26069,0.0075884,0.191774
986,1.15276,0.00578067,0.190353
986,1.22853,0.00712509,0.183446
986,1.20582,0.00743951,0.1831
986,1.24568,0.0083576,0.187879
986,1.25688,0.00689247,0.186978
986,1.19411,0.0090182,0.18861
986,1.15956,0.00570697,0.185842
986,1.24228,0.00858917,0.190953
986,1.22219,0.00720593,0.189788
987,1.22817,0.00720249,0.193811
987,1.25253,0.0056939,0.200582
987,1.18407,0.00904698,0.185813
987,1.15731,0.00603657,0.196044
987,1.24609,0.00736176,0.185401
987,1.18238,0.00645447,0.188579
987,1.25439,0.00795915,0.185338
987,1.24856,0.00929834,0.189321
987,1.16147,0.00801093,0.186565
987,1.11142,0.00915413,0.185153
987,1.16806,0.00748358,0.187788
987,1.18761,0.00792154,0.186778
987,1.25128,0.00755125,0.187902
987,1.17079,0.00565122,0.186081
987,1.14783,0.00656967,0.18843
987,1.19262,0.00716018,0.185181
987,1.19559,0.00674076,0.186723
987,1.22004,0.00620093,0.187717
987,1.24191,0.00725762,0.190592
987,1.18823,0.00806231,0.186703
988,1.15233,0.00580974,0.192221
988,1.15373,0.00751478,0.198901
988,1.21254,0.00719485,0.185621
988,1.16968,0.00850367,0.190148
988,1.13075,0.00792416,0.193059
988,1.24056,0.00638676,0.208299
988,1.2635,0.00627842,0.187664
988,1.20148,0.010341,0.187346
988,1.14262,0.00682775,0.191722
988,1.13922,0.00717903,0.202378
988,1.21988,0.00680016,0.191936
988,1.17714,0.00925369,0.185562
988,1.20886,0.0078934,0.178302
988,1.18536,0.00773324,0.18821
988,1.26078,0.0057774,0.189546
988,1.19893,0.00682825,0.176457
988,1.13379,0.0094009,0.18417
988,1.1506,0.00571408,0.187427
988,1.16431,0.00600657,0.194874
988,1.23373,0.00605102,0.190264
989,1.23544,0.007667,0.225672
989,1.14381,0.00876229,0.18055
989,1.32132,0.00778269,0.184209
989,1.13895,0.0120843,0.187758
989,1.22645,0.0059307,0.188993
989,1.21815,0.00848516,0.187256
989,1.17159,0.00600832,0.187885
989,1.21843,0.00665754,0.182953
989,1.2271,0.00632286,0.176176
989,1.19601,0.00902651,0.180705
989,1.26491,0.00936298,0.191081
989,1.20472,0.00831281,0.187164
989,1.21479,0.0117102,0.184692
989,1.21531,0.00709725,0.175918
989,1.19257,0.00687979,0.178266
989,1.12597,0.00546436,0.18803
989,1.25907,0.0075039,0.211453
989,1.20362,0.007237,0.19908
989,1.20148,0.00732722,0.188122
989,1.10842,0.00836785,0.221949
990,1.12496,0.0062411,0.199961
990,1.13454,0.00624358,0.192831
990,1.16597,0.00641319,0.18885
990,1.1765,0.00762844,0.187606
990,1.24183,0.0102979,0.182659
990,1.19765,0.00931192,0.181941
990,1.26811,0.00781199,0.213619
990,1.13099,0.00770015,0.242112
990,1.21145,0.00761689,0.187123
990,1.13606,0.0066692,0.187234
990,1.22836,0.00864224,0.181143
990,1.12604,0.0058658,0.187035
990,1.21634,0.00663457,0.195512
990,1.17488,0.0101277,0.191614
990,1.23679,0.0067731,0.19453
990,1.2282,0.00683328,0.224976
990,1.24511,0.00707272,0.198421
990,1.14111,0.00765479,0.194546
990,1.1978,0.00719026,0.208654
990,1.28704,0.00747286,0.188429
991,1.20694,0.0077463,0.198927
991,1.27005,0.00760765,0.186457
991,1.22125,0.00740882,0.188988
991,1.26389,0.00779997,0.193654
991,1.2172,0.00686728,0.195325
991,1.1946,0.00869617,0.195651
991,1.19376,0.0110378,0.170839
991,1.18901,0.00673575,0.170031
991,1.17566,0.00718357,0.16703
991,1.22703,0.0104284,0.169271
991,1.20703,0.00675456,0.175333
991,1.1665,0.00880241,0.178674
991,1.20448,0.00647581,0.170696
991,1.25033,0.00883621,0.18455
991,1.18077,0.00683571,0.192281
991,1.2033,0.00895772,0.186712
991,1.16674,0.00790862,0.186496
991,1.23513,0.0064745,0.187804
991,1.18781,0.0112338,0.186551
991,1.1913,0.00747677,0.188213
992,1.1791,0.00815922,0.225715
992,1.17249,0.00562686,0.188791
992,1.13279,0.00776269,0.188516
992,1.2441,0.00783673,0.188439
992,1.18795,0.00830185,0.170847
992,1.23402,0.00925074,0.183399
992,1.19706,0.00756828,0.190226
992,1.1926,0.00999618,0.188423
992,1.24519,0.00713662,0.193455
992,1.18664,0.00647306,0.188161
992,1.16977,0.00695006,0.188699
992,1.31391,0.0091822,0.189073
992,1.26005,0.00684997,0.188217
992,1.24435,0.00816221,0.187761
992,1.25825,0.00849236,0.189676
992,1.21106,0.00841053,0.189651
992,1.24586,0.00771208,0.187048
992,1.23942,0.00828882,0.188316
992,1.20182,0.00943132,0.186261
992,1.14493,0.00627818,0.188287
993,1.18608,0.00995777,0.19232
993,1.15686,0.00598444,0.189782
993,1.20204,0.00650819,0.189148
993,1.20751,0.00902565,0.187226
993,1.13053,0.00694058,0.190753
993,1.24015,0.00622262,0.189114
993,1.16608,0.00848393,0.190006
993,1.18451,0.00670534,0.191669
993,1.18386,0.00951647,0.191269
993,1.23903,0.0070381,0.188254
993,1.20567,0.0082254,0.191346
993,1.1118,0.00697853,0.188062
993,1.14626,0.00547418,0.18814
993,1.20863,0.00756912,0.187788
993,1.16542,0.00668068,0.189662
993,1.21485,0.00549437,0.200375
993,1.25987,0.00695875,0.208625
993,1.26376,0.0080225,0.190221
993,1.26376,0.00709204,0.186438
993,1.1942,0.00786078,0.192293
994,1.22174,0.0086503,0.201245
994,1.21197,0.00927208,0.189085
994,1.17701,0.00715197,0.186654
994,1.18952,0.00853516,0.196709
994,1.21042,0.00911328,0.173529
994,1.2218,0.00760486,0.170167
994,1.1866,0.00695357,0.195199
994,1.24595,0.0103366,0.169879
994,1.30242,0.00871059,0.186617
994,1.27537,0.00749137,0.176823
994,1.20973,0.00857508,0.169218
994,1.20449,0.00832752,0.168679
994,1.16909,0.00667665,0.16781
994,1.25533,0.0113061,0.170355
994,1.23525,0.00819245,0.170786
994,1.0514,0.00620862,0.171872
994,1.19913,0.00705355,0.173429
994,1.21479,0.00736432,0.189094
994,1.22527,0.00810488,0.172577
994,1.2543,0.00826007,0.169334
995,1.22213,0.00677934,0.211764
995,1.21187,0.0063955,0.174472
995,1.23392,0.00652844,0.186287
995,1.18177,0.00622701,0.199618
995,1.18374,0.00602595,0.171952
995,1.202,0.00690489,0.197541
995,1.16939,0.00811994,0.177904
995,1.18451,0.00699474,0.172225
995,1.22822,0.00990423,0.195394
995,1.26716,0.00819752,0.172224
995,1.21106,0.00717049,0.178145
995,1.17622,0.00825455,0.185365
995,1.20748,0.00802271,0.180754
995,1.1741,0.00702314,0.171398
995,1.24266,0.00956521,0.169628
995,1.18562,0.00675097,0.179672
995,1.19579,0.00619725,0.192045
995,1.25438,0.0075053,0.174349
995,1.20286,0.00664402,0.169827
995,1.23527,0.00638731,0.175724
996,1.15528,0.00742361,0.190479
996,1.12702,0.00661391,0.171393
996,1.18248,0.00809437,0.169296
996,1.21879,0.00673326,0.173632
996,1.19092,0.00722,0.173408
996,1.13497,0.00660496,0.187328
996,1.19082,0.00542053,0.17402
996,1.22766,0.00818394,0.171832
996,1.18193,0.00518506,0.171235
996,1.18064,0.00718242,0.175116
996,1.18191,0.00588135,0.172286
996,1.15683,0.00641202,0.170318
996,1.22758,0.00646336,0.173556
996,1.22388,0.00824696,0.172279
996,1.27299,0.00911505,0.173697
996,1.26424,0.00900952,0.176277
996,1.23326,0.00651872,0.176974
996,1.21173,0.00645279,0.173053
996,1.28121,0.00859158,0.17268
996,1.2018,0.00925171,0.176028
997,1.18685,0.00937366,0.18476
997,1.19374,0.00727917,0.174025
997,1.17781,0.00594613,0.17339
997,1.19707,0.00816217,0.195093
997,1.20104,0.0069175,0.192227
997,1.22566,0.00781843,0.188225
997,1.20256,0.00833167,0.190165
997,1.22419,0.00637805,0.178219
997,1.20244,0.00765474,0.174928
997,1.14698,0.00606488,0.194773
997,1.14101,0.00788884,0.200776
997,1.18356,0.0106805,0.211203
997,1.23333,0.00717665,0.202832
997,1.13592,0.0081095,0.201788
997,1.17647,0.00681316,0.218469
997,1.19724,0.00751697,0.212155
997,1.16302,0.00538824,0.201223
997,1.2577,0.00813603,0.1825
997,1.30062,0.00775711,0.175313
997,1.19946,0.00863956,0.195416
998,1.26196,0.00749294,0.205475
998,1.27287,0.0104752,0.196416
998,1.23597,0.00678548,0.197381
998,1.22448,0.00690149,0.198078
998,1.20577,0.00685852,0.189747
998,1.18874,0.00731271,0.189987
998,1.24791,0.00653184,0.192003
998,1.22426,0.00709828,0.193632
998,1.17841,0.00542111,0.19056
998,1.26474,0.00708868,0.188477
998,1.14169,0.00622976,0.191997
998,1.21617,0.00722286,0.190277
998,1.18522,0.00647031,0.190623
998,1.15481,0.00664874,0.188603
998,1.28675,0.00724952,0.188954
998,1.18397,0.00940702,0.188244
998,1.16418,0.00563779,0.224696
998,1.2296,0.0067401,0.190659
998,1.16462,0.00954492,0.190696
998,1.26486,0.00604799,0.193236
999,1.16626,0.00608346,0.233047
999,1.1445,0.00673172,0.191475
999,1.19092,0.0057322,0.200402
999,1.17958,0.0083952,0.201673
999,1.14712,0.00636062,0.196074
999,1.18186,0.00682253,0.185957
999,1.1523,0.00622552,0.170263
999,1.18854,0.00660263,0.177645
999,1.20938,0.00831243,0.187016
999,1.204,0.00634699,0.187797
999,1.21706,0.00578479,0.198722
999,1.21599,0.00626366,0.196854
999,1.15468,0.00803882,0.175379
999,1.15109,0.00791798,0.194596
999,1.22015,0.00704201,0.205612
999,1.24836,0.00813722,0.200692
999,1.18225,0.00658221,0.18247
999,1.23539,0.00792525,0.190873
999,1.18755,0.00821397,0.168961
999,1.25037,0.00949438,0.179955
1000,1.14824,0.00740059,0.193589
1000,1.22242,0.00767023,0.203531
1000,1.21093,0.00798168,0.231828
1000,1.15924,0.00573351,0.217137
1000,1.18881,0.00788224,0.216819
1000,1.20382,0.00750637,0.210738
1000,1.25261,0.00642394,0.208618
1000,1.16853,0.00864629,0.207899
1000,1.15679,0.00610484,0.209545
1000,1.17967,0.00905745,0.222791
1000,1.23486,0.00656635,0.219916
1000,1.25074,0.00731117,0.223197
1000,1.2325,0.00827006,0.218059
1000,1.18509,0.00595452,0.22053
1000,1.1435,0.00965403,0.236267
1000,1.20289,0.0083838,0.235289
1000,1.16661,0.00678129,0.219759
1000,1.25234,0.0068564,0.207061
1000,1.16265,0.00799456,0.225658
1000,1.13262,0.00571193,0.242598
1001,1.19688,0.00763876,0.221315
1001,1.21559,0.00713326,0.212677
1001,1.19026,0.0084098,0.226682
1001,1.18913,0.00635558,0.232215
1001,1.15869,0.00528408,0.216886
1001,1.17377,0.0083027,0.210022
1001,1.25986,0.00966166,0.22374
1001,1.13898,0.00682746,0.230589
1001,1.21084,0.0079122,0.224763
1001,1.23807,0.00597159,0.249784
1001,1.19549,0.0102775,0.20998
1001,1.25964,0.00852828,0.19874
1001,1.21721,0.0098695,0.199064
1001,1.18799,0.0121911,0.198406
1001,1.22843,0.00688585,0.213456
1001,1.20482,0.00612976,0.21662
1001,1.17158,0.0113558,0.218482
1001,1.25724,0.00802256,0.227055
1001,1.19946,0.00875298,0.201621
1001,1.237,0.00704591,0.200732
1002,1.18277,0.00931269,0.268634
1002,1.23224,0.00654194,0.207799
1002,1.1561,0.00613531,0.192523
1002,1.23697,0.00763656,0.170171
1002,1.29652,0.00880608,0.185906
1002,1.18809,0.0100699,0.192656
1002,1.12501,0.00661771,0.182135
1002,1.18689,0.00770124,0.190909
1002,1.19694,0.00838144,0.179328
1002,1.18274,0.00707524,0.173558
1002,1.15769,0.00647461,0.174386
1002,1.15336,0.00879994,0.172962
1002,1.16597,0.00552908,0.190247
1002,1.18709,0.00967298,0.174106
1002,1.24333,0.00870989,0.171367
1002,1.19681,0.00513778,0.17139
1002,1.26087,0.00718347,0.172978
1002,1.25292,0.00651759,0.177428
1002,1.2189,0.00968477,0.190073
1002,1.19959,0.00658564,0.171853
1003,1.19286,0.00604711,0.183143
1003,1.16454,0.00660151,0.180093
1003,1.28437,0.0123261,0.173379
1003,1.23485,0.00673978,0.176189
1003,1.27243,0.00855225,0.17234
1003,1.24135,0.00607932,0.173779
1003,1.1903,0.00679066,0.17541
1003,1.16396,0.0105423,0.174404
1003,1.18438,0.00759083,0.173823
1003,1.25703,0.0095807,0.174542
1003,1.21096,0.00638443,0.174648
1003,1.14073,0.00600914,0.177019
1003,1.20043,0.00759834,0.174039
1003,1.26324,0.00783911,0.183694
1003,1.23413,0.0070577,0.198445
1003,1.16523,0.00850981,0.191183
1003,1.11866,0.00714187,0.198801
1003,1.17961,0.00907752,0.188829
1003,1.23651,0.00672305,0.182548
1003,1.21541,0.00710434,0.216952
1004,1.13969,0.00763502,0.238967
1004,1.19076,0.00588685,0.225463
1004,1.22101,0.00809623,0.217664
1004,1.18402,0.0078698,0.261371
1004,1.18069,0.00741993,0.23899
1004,1.15648,0.00706099,0.220614
1004,1.11517,0.00588724,0.19815
1004,1.20026,0.00613189,0.20878
1004,1.24915,0.0121842,0.2149
1004,1.19572,0.00632052,0.209314
1004,1.21386,0.00607747,0.174836
1004,1.19283,0.0057581,0.193132
1004,1.17658,0.00674829,0.1911
1004,1.20853,0.00698285,0.177123
1004,1.20455,0.00632763,0.176067
1004,1.19144,0.00677959,0.178821
1004,1.17695,0.00613456,0.175771
1004,1.20256,0.0073608,0.178
1004,1.22831,0.00761499,0.191542
1004,1.24651,0.00682683,0.206127
1005,1.2283,0.0101502,0.205998
1005,1.23494,0.0087245,0.231485
1005,1.19502,0.00692019,0.216252
1005,1.22723,0.00954873,0.214484
1005,1.20459,0.00828659,0.215349
1005,1.18817,0.00671455,0.199258
1005,1.17862,0.00602192,0.198454
1005,1.14745,0.00884424,0.216397
1005,1.19113,0.00709583,0.223968
1005,1.11564,0.00892789,0.205087
1005,1.17784,0.00906564,0.18722
1005,1.16203,0.0073897,0.190397
1005,1.18307,0.00716227,0.200997
1005,1.18063,0.00847903,0.185524
1005,1.16676,0.00635482,0.192334
1005,1.1425,0.0090511,0.192102
1005,1.27537,0.00795466,0.197851
1005,1.13953,0.0052189,0.194292
1005,1.20382,0.00608175,0.194598
1005,1.2634,0.00833574,0.19097
1006,1.25733,0.00712905,0.227407
1006,1.25361,0.00640004,0.193351
1006,1.16254,0.00610699,0.191703
1006,1.18002,0.0059958,0.196146
1006,1.12247,0.008251,0.200667
1006,1.2184,0.0081706,0.185685
1006,1.22817,0.00644155,0.184749
1006,1.27317,0.00725396,0.183591
1006,1.27168,0.00840482,0.181713
1006,1.15698,0.00550665,0.179552
1006,1.21238,0.00581054,0.181603
1006,1.16861,0.00614224,0.179778
1006,1.17705,0.00983014,0.183588
1006,1.26966,0.00689591,0.181183
1006,1.21413,0.00676552,0.183761
1006,1.21146,0.00895955,0.182935
1006,1.23704,0.00892287,0.179571
1006,1.259,0.00640115,0.179518
1006,1.24026,0.00616655,0.180336
1006,1.16137,0.00882672,0.181093
1007,1.18301,0.00668503,0.188781
1007,1.2618,0.00737451,0.182081
1007,1.18315,0.00627246,0.182317
1007,1.29946,0.0070415,0.204108
1007,1.20952,0.00657223,0.186031
1007,1.12653,0.00587663,0.182172
1007,1.22219,0.00908976,0.186963
1007,1.19913,0.00589909,0.180333
1007,1.17935,0.0066996,0.181894
1007,1.20421,0.00701684,0.180164
1007,1.20978,0.00944496,0.185782
1007,1.23996,0.00716318,0.184621
1007,1.18542,0.00765057,0.180974
1007,1.18381,0.00641524,0.182004
1007,1.21937,0.00585028,0.186011
1007,1.21579,0.00632292,0.18109
1007,1.23842,0.00709091,0.179515
1007,1.18701,0.00727324,0.181027
1007,1.21768,0.0079843,0.18098
1007,1.21071,0.0071475,0.180477
1008,1.25238,0.00840503,0.191675
1008,1.20495,0.00615956,0.179578
1008,1.16961,0.00808015,0.181262
1008,1.22806,0.00998161,0.182153
1008,1.17434,0.00775495,0.185187
1008,1.278,0.00720198,0.180469
1008,1.2297,0.00656573,0.1831
1008,1.19626,0.00674151,0.180981
1008,1.24277,0.00797408,0.180774
1008,1.2053,0.00694927,0.201813
1008,1.2146,0.00683807,0.18136
1008,1.18504,0.0085531,0.192139
1008,1.27139,0.00900862,0.183614
1008,1.21096,0.00777112,0.188028
1008,1.16709,0.00720363,0.197914
1008,1.21956,0.00777253,0.19984
1008,1.21198,0.00947335,0.186449
1008,1.18468,0.00642787,0.183448
1008,1.1839,0.00783933,0.184066
1008,1.17319,0.00718167,0.193432
1009,1.17078,0.00743617,0.225633
1009,1.19312,0.00635335,0.184116
1009,1.216,0.00589831,0.181417
1009,1.31046,0.00728506,0.183268
1009,1.18885,0.00757547,0.185279
1009,1.27964,0.00666596,0.185036
1009,1.20741,0.00669651,0.185581
1009,1.1864,0.00748242,0.18327
1009,1.22946,0.00718454,0.181029
1009,1.15556,0.00777881,0.183062
1009,1.16805,0.00763696,0.188689
1009,1.25887,0.00674706,0.221936
1009,1.17652,0.00779241,0.19088
1009,1.18252,0.00693066,0.198127
1009,1.20471,0.00742913,0.196649
1009,1.25925,0.00680179,0.227601
1009,1.18068,0.00993396,0.239856
1009,1.26789,0.00689331,0.231064
1009,1.11222,0.00679088,0.212169
1009,1.18597,0.00846944,0.198101
1010,1.14126,0.00539345,0.269812
1010,1.23371,0.006823,0.282305
1010,1.20116,0.008355,0.23553
1010,1.20612,0.00655431,0.260097
1010,1.2139,0.00844684,0.217643
1010,1.2408,0.00863453,0.315136
1010,1.22364,0.00752451,0.249185
1010,1.16879,0.0061198,0.241414
1010,1.25437,0.00712747,0.22708
1010,1.17887,0.00675321,0.222467
1010,1.23917,0.00774141,0.262521
1010,1.14041,0.00679784,0.243367
1010,1.17238,0.00812891,0.213839
1010,1.19453,0.00636755,0.210291
1010,1.20868,0.00717157,0.21174
1010,1.17081,0.00648685,0.221034
1010,1.12989,0.00614352,0.220849
1010,1.23312,0.0096188,0.205972
1010,1.22972,0.0063798,0.207352
1010,1.16637,0.00589473,0.211965
1011,1.17107,0.0079214,0.213027
1011,1.13208,0.00580276,0.228459
1011,1.20074,0.00620707,0.213586
1011,1.26504,0.00670838,0.204501
1011,1.27783,0.00659489,0.196683
1011,1.15636,0.00680132,0.223469
1011,1.25498,0.00787841,0.203139
1011,1.15455,0.00680616,0.198914
1011,1.23797,0.00805132,0.20043
1011,1.2201,0.00766646,0.189925
1011,1.21044,0.00622676,0.203096
1011,1.22562,0.00871322,0.195834
1011,1.25443,0.00972844,0.206867
1011,1.2526,0.00576727,0.20156
1011,1.16204,0.00684202,0.200503
1011,1.16254,0.00565966,0.194961
1011,1.22782,0.00631491,0.202201
1011,1.21447,0.00723942,0.197436
1011,1.22783,0.00648684,0.201083
1011,1.24797,0.00775666,0.197244
1012,1.20782,0.00707202,0.207988
1012,1.22927,0.00829512,0.200594
1012,1.26879,0.00676038,0.20245
1012,1.26519,0.00593501,0.205675
1012,1.15752,0.00734526,0.19923
1012,1.2345,0.00734892,0.199133
1012,1.21485,0.00648859,0.210643
1012,1.29283,0.00709021,0.214139
1012,1.19089,0.00767768,0.212218
1012,1.12663,0.00778604,0.205065
1012,1.23949,0.00817722,0.202934
1012,1.2668,0.00521287,0.200698
1012,1.14964,0.00721063,0.198783
1012,1.14415,0.0089002,0.201253
1012,1.11087,0.011948,0.197893
1012,1.1819,0.0087251,0.198886
1012,1.2451,0.00814646,0.202025
1012,1.13181,0.0056825,0.199028
1012,1.16126,0.00517318,0.197539
1012,1.2253,0.00845518,0.202259
1013,1.1556,0.00646883,0.254513
1013,1.15315,0.00994557,0.247553
1013,1.24998,0.00687126,0.238271
1013,1.22201,0.0073806,0.199597
1013,1.15253,0.0067209,0.197553
1013,1.26307,0.00841557,0.199359
1013,1.14701,0.00792118,0.19808
1013,1.18472,0.00702946,0.21639
1013,1.18751,0.00748609,0.226957
1013,1.15841,0.00637886,0.20137
1013,1.19109,0.00755905,0.197317
1013,1.16647,0.00691261,0.200524
1013,1.20837,0.00893494,0.229319
1013,1.26132,0.00644443,0.238728
1013,1.19131,0.00800128,0.205195
1013,1.21045,0.00755096,0.200442
1013,1.17255,0.00758942,0.198682
1013,1.2622,0.00676997,0.199243
1013,1.22312,0.00807149,0.20067
1013,1.25009,0.00739818,0.201049
1014,1.242,0.00734498,0.206132
1014,1.21379,0.00678976,0.203278
1014,1.24671,0.00614285,0.200369
1014,1.19852,0.00648578,0.201559
1014,1.14473,0.00866224,0.202551
1014,1.23364,0.00705834,0.199895
1014,1.18472,0.00831965,0.199237
1014,1.22659,0.00760193,0.198102
1014,1.21274,0.00814394,0.201871
1014,1.14909,0.00872881,0.199584
1014,1.18433,0.00961888,0.199627
1014,1.10747,0.00733709,0.19917
1014,1.21629,0.00702179,0.200896
1014,1.21781,0.00750434,0.199024
1014,1.16219,0.00591895,0.207426
1014,1.18225,0.00579531,0.199041
1014,1.15353,0.0083421,0.207142
1014,1.14139,0.00710507,0.201571
1014,1.19895,0.00798662,0.204421
1014,1.18293,0.00730304,0.199509
1015,1.18176,0.007488,0.200896
1015,1.17623,0.0073624,0.200517
1015,1.20355,0.00762201,0.199146
1015,1.1839,0.00770975,0.200902
1015,1.26244,0.00877746,0.199331
1015,1.17742,0.00670339,0.199029
1015,1.19223,0.0060895,0.217296
1015,1.20645,0.00674022,0.199894
1015,1.21731,0.00667107,0.190775
1015,1.23292,0.00715423,0.197432
1015,1.17924,0.00630969,0.196552
1015,1.18322,0.00641398,0.195511
1015,1.21428,0.00823561,0.193755
1015,1.23973,0.0104614,0.191573
1015,1.25903,0.00648655,0.193776
1015,1.15031,0.00838429,0.196514
1015,1.2451,0.00733688,0.193105
1015,1.2203,0.00715654,0.192028
1015,1.18398,0.00613411,0.195221
1015,1.1601,0.00641021,0.189892
1016,1.14019,0.00693313,0.195955
1016,1.24763,0.00741913,0.193565
1016,1.21732,0.00603443,0.193347
1016,1.27148,0.00959033,0.192058
1016,1.17338,0.00800321,0.192952
1016,1.16375,0.00823066,0.191622
1016,1.2903,0.00940492,0.19136
1016,1.15232,0.00544891,0.192829
1016,1.23808,0.0078234,0.191202
1016,1.19874,0.00718586,0.191394
1016,1.25565,0.00750655,0.191473
1016,1.23701,0.00677481,0.195505
1016,1.19515,0.00581902,0.19226
1016,1.20946,0.00668352,0.19262
1016,1.27153,0.00724982,0.196684
1016,1.15372,0.00763619,0.204979
1016,1.19782,0.00698928,0.207764
1016,1.20832,0.00631145,0.241496
1016,1.21381,0.00607324,0.205568
1016,1.19068,0.00962724,0.212728
1017,1.21607,0.00931222,0.207821
1017,1.24622,0.00728581,0.2298
1017,1.15513,0.00613172,0.241037
1017,1.19921,0.00713744,0.248884
1017,1.13365,0.00671176,0.21463
1017,1.23862,0.0068322,0.205127
1017,1.19745,0.00702682,0.20614
1017,1.23715,0.00768119,0.236791
1017,1.19208,0.00729587,0.234372
1017,1.20382,0.00837809,0.208732
1017,1.25555,0.00835117,0.215072
1017,1.1733,0.00790851,0.21718
1017,1.13945,0.00679896,0.215959
1017,1.20939,0.00854049,0.213779
1017,1.11623,0.00799607,0.210876
1017,1.18548,0.00629524,0.228631
1017,1.17023,0.00658865,0.225305
1017,1.18797,0.00850381,0.22278
1017,1.19241,0.00919068,0.209283
1017,1.12613,0.00834967,0.208696
1018,1.20857,0.00776544,0.205162
1018,1.29384,0.00922607,0.207175
1018,1.30918,0.00760517,0.210928
1018,1.15839,0.00739498,0.210435
1018,1.20487,0.0066618,0.236597
1018,1.199,0.00658469,0.212166
1018,1.1902,0.00862205,0.208546
1018,1.18875,0.0093238,0.20262
1018,1.15791,0.00585978,0.195316
1018,1.17617,0.0067343,0.201071
1018,1.21446,0.00585362,0.195716
1018,1.12649,0.00824533,0.196207
1018,1.23267,0.00822539,0.196988
1018,1.15639,0.00817013,0.195804
1018,1.22793,0.00610982,0.195681
1018,1.22414,0.00648167,0.196571
1018,1.21052,0.00656509,0.204147
1018,1.19578,0.0105163,0.206537
1018,1.23508,0.0116225,0.194759
1018,1.20402,0.00652311,0.194745
1019,1.15604,0.00634728,0.197119
1019,1.19013,0.00543358,0.195047
1019,1.2456,0.00693102,0.196583
1019,1.20349,0.00628233,0.200411
1019,1.16304,0.00743973,0.199014
1019,1.11622,0.00666897,0.19567
1019,1.16866,0.00561755,0.19984
1019,1.18558,0.00682505,0.199399
1019,1.24492,0.0062495,0.210687
1019,1.23831,0.00646918,0.198612
1019,1.21445,0.00750078,0.201023
1019,1.19225,0.00799007,0.196613
1019,1.1723,0.00989938,0.194814
1019,1.19414,0.00665216,0.194863
1019,1.23046,0.00870863,0.19781
1019,1.21139,0.00811981,0.196222
1019,1.26526,0.00699232,0.193249
1019,1.27507,0.00698479,0.198221
1019,1.21445,0.00883897,0.195983
1019,1.22387,0.00886927,0.199053
1020,1.14087,0.00702849,0.20023
1020,1.18829,0.00769456,0.204586
1020,1.19261,0.00972684,0.203759
1020,1.19775,0.00664487,0.20461
1020,1.29301,0.00610537,0.204092
1020,1.14461,0.00815658,0.20418
1020,1.17552,0.0105375,0.203754
1020,1.14938,0.00683879,0.205094
1020,1.21449,0.00693243,0.205347
1020,1.2097,0.0075297,0.203973
1020,1.20123,0.00662006,0.200839
1020,1.10193,0.00604059,0.207414
1020,1.16898,0.00640659,0.203491
1020,1.24762,0.00649332,0.203196
1020,1.26566,0.00664728,0.201992
1020,1.13288,0.00726101,0.205405
1020,1.20414,0.00911542,0.204313
1020,1.23652,0.00818385,0.203789
1020,1.1667,0.00808219,0.204396
1020,1.17054,0.00698861,0.207493
1021,1.21851,0.00744713,0.192053
1021,1.1943,0.00826974,0.209815
1021,1.22363,0.00659132,0.213621
1021,1.16256,0.0071582,0.222059
1021,1.26073,0.00814317,0.212501
1021,1.16633,0.00650339,0.209282
1021,1.17904,0.00577198,0.209855
1021,1.26068,0.00715578,0.212907
1021,1.25425,0.00744905,0.207796
1021,1.25718,0.00774847,0.213334
1021,1.19702,0.00705697,0.217082
1021,1.15226,0.00661706,0.215286
1021,1.21528,0.00731283,0.215174
1021,1.1668,0.00568332,0.212638
1021,1.21332,0.0062364,0.210644
1021,1.20488,0.00692131,0.217806
1021,1.22454,0.00624884,0.216743
1021,1.20088,0.00748356,0.221017
1021,1.19239,0.00792307,0.195619
1021,1.21719,0.00730633,0.201063
1022,1.19269,0.00815247,0.226459
1022,1.15529,0.011201,0.210292
1022,1.25906,0.00651559,0.207346
1022,1.25842,0.00567823,0.206867
1022,1.18281,0.00826639,0.208639
1022,1.1927,0.00855895,0.212485
1022,1.19259,0.00725865,0.20778
1022,1.25873,0.00780561,0.205334
1022,1.2292,0.00697297,0.208104
1022,1.19657,0.00618624,0.208058
1022,1.24803,0.00712728,0.206467
1022,1.21782,0.00869954,0.209597
1022,1.19359,0.00704989,0.205297
1022,1.15967,0.00691616,0.208012
1022,1.1524,0.00766031,0.20761
1022,1.18098,0.0076968,0.209078
1022,1.18593,0.00612203,0.208652
1022,1.1964,0.00776122,0.208367
1022,1.12082,0.00827899,0.214571
1022,1.19903,0.00677406,0.210772
1023,1.18,0.00594621,0.217306
1023,1.28751,0.00652837,0.211057
1023,1.21375,0.00748816,0.214443
1023,1.17492,0.00922177,0.213223
1023,1.19388,0.00706946,0.212175
1023,1.16061,0.00641747,0.208733
1023,1.16474,0.00658837,0.21372
1023,1.21744,0.00748468,0.218596
1023,1.19658,0.00557701,0.248175
1023,1.15182,0.00765162,0.211155
1023,1.11528,0.00533623,0.222963
1023,1.16018,0.00558416,0.21157
1023,1.21843,0.00749071,0.229033
1023,1.1857,0.00758098,0.211258
1023,1.21831,0.0134085,0.212246
1023,1.20137,0.00568127,0.210422
1023,1.18684,0.00702052,0.210504
1023,1.25353,0.00593408,0.211572
1023,1.17324,0.00599197,0.208783
1023,1.19895,0.00862504,0.206159
1024,1.20536,0.00664126,0.207913
1024,1.19906,0.0074377,0.223934
1024,1.2215,0.0080901,0.214667
1024,1.18361,0.0065012,0.213017
1024,1.22405,0.00711789,0.213614
1024,1.20681,0.00974317,0.211217
1024,1.22786,0.0073336,0.211211
1024,1.25369,0.00687179,0.207561
1024,1.23801,0.00698917,0.211382
1024,1.24615,0.00722512,0.208944
1024,1.14041,0.00681397,0.214908
1024,1.16665,0.00654553,0.209999
1024,1.15161,0.00652557,0.211555
1024,1.28203,0.00898188,0.23773
1024,1.23983,0.00742537,0.225891
1024,1.17476,0.00624615,0.215329
1024,1.21373,0.00743764,0.215379
1024,1.22454,0.0070354,0.210938
1024,1.23115,0.0101305,0.209582
1024,1.21131,0.00975414,0.211318